Date,Open,High,Low,Close,Volume,Dividends,Stock Splits
2013-05-23 00:00:00-04:00,42.30061010247149,44.20195737943045,42.213393680520184,44.07985305786133,33200,0.0,0.0
2013-05-24 00:00:00-04:00,43.88797153363295,44.044963749799685,43.2948905674682,44.0362434387207,24900,0.0,0.0
2013-05-28 00:00:00-04:00,44.77759747178102,45.23113021649625,44.1845164461606,44.50722122192383,46700,0.0,0.0
2013-05-29 00:00:00-04:00,44.11472540981871,44.315325771282325,43.17277241467614,43.966453552246094,42200,0.0,0.0
2013-05-30 00:00:00-04:00,44.14961930508512,44.46360370318846,44.01007105338282,44.12345504760742,23200,0.0,0.0
2013-05-31 00:00:00-04:00,43.77456933149195,43.95772905894881,43.36464833930694,43.40825653076172,30000,0.0,0.0
2013-06-03 00:00:00-04:00,43.678647922665036,43.91413290432664,42.76285894625542,43.85308074951172,47900,0.0,0.0
2013-06-04 00:00:00-04:00,44.04496524069581,44.332785422441745,42.675646785518865,43.0855712890625,64100,0.0,0.0
2013-06-05 00:00:00-04:00,42.98090141755195,42.98090141755195,42.082559755827795,42.143611907958984,57100,0.0,0.0
2013-06-06 00:00:00-04:00,42.14360844508872,43.495482645200994,41.803459817709324,43.46931838989258,79800,0.0,0.0
2013-06-07 00:00:00-04:00,43.8879770624118,44.027525346907005,43.33850423660849,43.652488708496094,27800,0.0,0.0
2013-06-10 00:00:00-04:00,43.39954604980925,44.35021955085851,43.129173184589604,44.33277893066406,37900,0.0,0.0
2013-06-11 00:00:00-04:00,44.21067038760174,44.219394024611745,43.03323225029462,43.21638870239258,49200,0.0,0.0
2013-06-12 00:00:00-04:00,43.67865500884081,43.67865500884081,42.30061282895455,42.84136199951172,49300,0.0,0.0
2013-06-13 00:00:00-04:00,42.858798349547435,43.9751843945401,42.70180614608373,43.835636138916016,38500,0.0,0.0
2013-06-14 00:00:00-04:00,43.84436470551797,44.21940130850052,43.17278761010952,43.30361557006836,48500,0.0,0.0
2013-06-17 00:00:00-04:00,43.86181496021172,44.04497146880724,42.46632871939922,42.93730545043945,36000,0.0,0.0
2013-06-18 00:00:00-04:00,43.1204568247031,44.332786412568574,42.85008391385346,44.22812271118164,32800,0.0,0.0
2013-06-19 00:00:00-04:00,43.774579229932016,44.64675656461393,43.46059818420422,44.23683547973633,19800,0.0,0.0
2013-06-20 00:00:00-04:00,43.64958674044336,44.289429688786534,43.38663808741615,43.710941314697266,44400,0.25,0.0
2013-06-21 00:00:00-04:00,43.94759026439145,44.26312994351493,43.64958093894961,43.69340515136719,142500,0.0,0.0
2013-06-24 00:00:00-04:00,43.36909853771372,43.956353637105046,43.123680292723634,43.15874099731445,61400,0.0,0.0
2013-06-25 00:00:00-04:00,43.74600343742377,43.75476694392541,42.95715410933011,43.412933349609375,28300,0.0,0.0
2013-06-26 00:00:00-04:00,43.7476828544929,43.7476828544929,42.67293000210851,42.813880920410156,21800,0.25,0.0
2013-06-27 00:00:00-04:00,43.227931258145134,43.897450726360645,42.8138864122891,43.75649642944336,21300,0.0,0.0
2013-06-28 00:00:00-04:00,43.52745983718265,44.17054880407156,43.40412816689381,43.74769592285156,31000,0.0,0.0
2013-07-01 00:00:00-04:00,43.791731762338266,44.320300255048814,43.44816409037074,44.30268096923828,24200,0.0,0.0
2013-07-02 00:00:00-04:00,44.13530288055163,44.26744585418126,43.624356994290245,44.205780029296875,27300,0.0,0.0
2013-07-03 00:00:00-04:00,43.83578850018392,44.55816594442184,43.45698552895711,43.64198303222656,28100,0.0,0.0
2013-07-05 00:00:00-04:00,44.32910962031963,44.39077544234011,43.38649964310911,43.88863754272461,17500,0.0,0.0
2013-07-08 00:00:00-04:00,43.79173185918503,44.48767852783203,43.79173185918503,44.48767852783203,26100,0.0,0.0
2013-07-09 00:00:00-04:00,44.619830038958455,45.8795806539708,44.364355386003886,45.861961364746094,37300,0.0,0.0
2013-07-10 00:00:00-04:00,45.809103279525246,46.240767462141136,43.606742544932686,46.13505172729492,27300,0.0,0.0
2013-07-11 00:00:00-04:00,46.24957258168077,46.24957258168077,45.69457676975064,46.24076461791992,34500,0.0,0.0
2013-07-12 00:00:00-04:00,46.03814729284136,47.38599434686065,46.03814729284136,47.12171173095703,38700,0.0,0.0
2013-07-15 00:00:00-04:00,47.64147354621634,48.17884679361799,45.994105140775915,48.04670715332031,100800,0.0,0.0
2013-07-16 00:00:00-04:00,47.92336397341039,48.48716770195058,47.06003573348101,47.861698150634766,52500,0.0,0.0
2013-07-17 00:00:00-04:00,48.29336597678852,49.05978657238902,47.59741917730027,47.8528938293457,56700,0.0,0.0
2013-07-18 00:00:00-04:00,48.134796129136056,48.41669803696564,47.48289922748106,47.5886116027832,55100,0.0,0.0
2013-07-19 00:00:00-04:00,47.52692511375158,47.78239965685215,47.271450570651005,47.55335235595703,39300,0.0,0.0
2013-07-22 00:00:00-04:00,47.350747677814596,47.87931281930635,46.53146935612773,47.56217575073242,42900,0.0,0.0
2013-07-23 00:00:00-04:00,47.60622170075335,48.35502286875415,46.96313288764481,48.27573776245117,41100,0.0,0.0
2013-07-24 00:00:00-04:00,48.38144815933954,48.54882968839142,47.25384079136284,47.324317932128906,32000,0.0,0.0
2013-07-25 00:00:00-04:00,47.10409776778456,47.747186771392506,46.70767211883824,47.4388542175293,58300,0.0,0.0
2013-07-26 00:00:00-04:00,47.06003499915982,47.200989289630726,46.86622957083282,46.94551467895508,15900,0.0,0.0
2013-07-29 00:00:00-04:00,46.60195267076024,47.05123276445987,46.32885874052829,46.45219039916992,28400,0.0,0.0
2013-07-30 00:00:00-04:00,46.50504569152003,46.60195009238716,45.76505242007658,46.39052200317383,21800,0.0,0.0
2013-07-31 00:00:00-04:00,46.786938837724826,46.786938837724826,44.48767433914484,44.92814636230469,93600,0.0,0.0
2013-08-01 00:00:00-04:00,45.22767434932419,46.27599671404908,44.928153193612026,45.27172088623047,45100,0.0,0.0
2013-08-02 00:00:00-04:00,44.93695803945841,45.04267375334229,44.531724551175564,44.7431526184082,54600,0.0,0.0
2013-08-05 00:00:00-04:00,44.40839582327658,45.421482970929574,44.170540492248435,45.26291275024414,31400,0.0,0.0
2013-08-06 00:00:00-04:00,44.99863816131128,45.157205049623805,44.293880006190996,44.373165130615234,25000,0.0,0.0
2013-08-07 00:00:00-04:00,44.48767127696556,45.016236324161206,44.48767127696556,44.58457565307617,19700,0.0,0.0
2013-08-08 00:00:00-04:00,44.69030993769129,44.74316781258305,44.108886756026976,44.29388427734375,23300,0.0,0.0
2013-08-09 00:00:00-04:00,44.293867241095725,44.7695778505456,44.047203974211335,44.249820709228516,21200,0.0,0.0
2013-08-12 00:00:00-04:00,44.047216668220464,44.47888087020484,43.888646419371995,44.373165130615234,13200,0.0,0.0
2013-08-13 00:00:00-04:00,44.276260494471664,44.4612613575588,43.25436520730924,43.55388641357422,28700,0.0,0.0
2013-08-14 00:00:00-04:00,43.60673250672964,43.69482557162014,42.7257884156846,42.99888229370117,51400,0.0,0.0
2013-08-15 00:00:00-04:00,42.540787599921295,42.78745085054209,42.3734060851131,42.38221740722656,32900,0.0,0.0
2013-08-16 00:00:00-04:00,42.17960153924132,42.2765059212421,41.49246290347891,41.68627166748047,31200,0.0,0.0
2013-08-19 00:00:00-04:00,41.68627716334823,41.7655622717531,41.49246837379516,41.545326232910156,27700,0.0,0.0
2013-08-20 00:00:00-04:00,41.695082441398796,41.95055365540883,41.49246235777031,41.58055877685547,21800,0.0,0.0
2013-08-21 00:00:00-04:00,41.492459777910014,41.74793433657028,40.73485078409182,40.80532455444336,24300,0.0,0.0
2013-08-22 00:00:00-04:00,40.96390075213563,41.413180765620396,40.611521767043016,41.30746841430664,12600,0.0,0.0
2013-08-23 00:00:00-04:00,41.307476947759874,41.43080860986009,40.78771968566916,41.14890670776367,14200,0.0,0.0
2013-08-26 00:00:00-04:00,41.14889756202493,41.37794490690513,40.89342296986432,41.01675796508789,22700,0.0,0.0
2013-08-27 00:00:00-04:00,40.523435127858136,41.12247748119976,40.021297178812304,40.10939025878906,26500,0.0,0.0
2013-08-28 00:00:00-04:00,40.22391720836467,40.673197329484054,39.642494096044125,40.3648681640625,17700,0.0,0.0
2013-08-29 00:00:00-04:00,40.36486548182422,41.88009067529137,40.36486548182422,41.747947692871094,24100,0.0,0.0
2013-08-30 00:00:00-04:00,41.58057562707014,41.730334559401435,41.3779588218675,41.615814208984375,40900,0.0,0.0
2013-09-03 00:00:00-04:00,41.87126749545996,42.32055082005082,41.58055772119648,41.651031494140625,20500,0.0,0.0
2013-09-04 00:00:00-04:00,41.6422353943935,42.14437335159135,41.6422353943935,41.932945251464844,54400,0.0,0.0
2013-09-05 00:00:00-04:00,41.98579527387031,42.76102701547678,41.98579527387031,42.46150588989258,29700,0.0,0.0
2013-09-06 00:00:00-04:00,42.58484188101612,42.752220065759026,42.08270396625201,42.20603561401367,30000,0.0,0.0
2013-09-09 00:00:00-04:00,41.96817612398019,42.21483939506714,41.90651030620845,42.109127044677734,19100,0.0,0.0
2013-09-10 00:00:00-04:00,42.20603303813488,42.20603303813488,41.93293914866173,42.14436721801758,23400,0.0,0.0
2013-09-11 00:00:00-04:00,42.00342258165458,42.126754240357165,41.93294542780416,42.02104187011719,28000,0.0,0.0
2013-09-12 00:00:00-04:00,42.126758456323756,42.505564794840865,42.02985404034924,42.302947998046875,12600,0.0,0.0
2013-09-13 00:00:00-04:00,42.514376149089635,44.514120381921686,42.01223809949484,44.29388427734375,37100,0.0,0.0
2013-09-16 00:00:00-04:00,44.29387365098695,44.29387365098695,43.227931967084004,43.58911895751953,62100,0.0,0.0
2013-09-17 00:00:00-04:00,43.58913207863661,44.62864682461459,43.086993998354956,44.44364929199219,29000,0.0,0.0
2013-09-18 00:00:00-04:00,44.311489252568464,44.65505692702247,43.139835302237245,43.67721176147461,22800,0.0,0.0
2013-09-19 00:00:00-04:00,43.90625554453596,43.90625554453596,42.928407023198105,43.227928161621094,20700,0.0,0.0
2013-09-20 00:00:00-04:00,43.26316030625497,44.70790792618404,43.22792173978483,43.87982177734375,153700,0.0,0.0
2013-09-23 00:00:00-04:00,44.117676588935936,44.79600050329939,43.95910640204887,44.5933837890625,25800,0.0,0.0
2013-09-24 00:00:00-04:00,44.56696910913653,45.34220097907936,43.91506889475687,45.06910705566406,47700,0.0,0.0
2013-09-25 00:00:00-04:00,45.0691089981093,45.41267672785296,44.998635203551075,45.20125198364258,32500,0.0,0.0
2013-09-26 00:00:00-04:00,45.32523597813372,46.051431356177645,45.32523597813372,45.79460525512695,22600,0.27,0.0
2013-09-27 00:00:00-04:00,45.44922240061527,46.02486667353192,44.315649728387704,45.750328063964844,9500,0.0,0.0
2013-09-30 00:00:00-04:00,45.121540144167504,46.308250051386295,45.121540144167504,46.16655349731445,41500,0.0,0.0
2013-10-01 00:00:00-04:00,46.01600706349371,47.35327169380499,46.00715250532586,47.34441375732422,42500,0.0,0.0
2013-10-02 00:00:00-04:00,46.82190302008068,47.2558506564029,46.467663292076715,46.83076095581055,28200,0.0,0.0
2013-10-03 00:00:00-04:00,46.671351253052904,46.928177332679866,45.96286842848939,46.83961486816406,37400,0.0,0.0
2013-10-04 00:00:00-04:00,46.71562511907373,46.98130572370934,46.175405975271076,46.72447967529297,27300,0.0,0.0
2013-10-07 00:00:00-04:00,46.396812317857474,47.06987352966621,45.8920180981572,46.69791793823242,48600,0.0,0.0
2013-10-08 00:00:00-04:00,46.74220701589181,46.759919512269676,46.20198770046323,46.36139678955078,27600,0.0,0.0
2013-10-09 00:00:00-04:00,46.28167797976426,46.627066485204885,45.812308794519204,45.971717834472656,19300,0.0,0.0
2013-10-10 00:00:00-04:00,46.46765639097164,46.75990403871418,45.84773273614134,46.6624870300293,10000,0.0,0.0
2013-10-11 00:00:00-04:00,46.39681220098544,47.66322671481538,46.39681220098544,47.52153015136719,22300,0.0,0.0
2013-10-14 00:00:00-04:00,46.86618558577255,47.601238896367086,46.86618558577255,47.592384338378906,18300,0.0,0.0
2013-10-15 00:00:00-04:00,47.30898931714151,47.7252245004331,46.990174544704566,47.114158630371094,16000,0.0,0.0
2013-10-16 00:00:00-04:00,47.31784962187605,47.82264392638956,47.22043258445886,47.81378936767578,21500,0.0,0.0
2013-10-17 00:00:00-04:00,47.716373266000915,48.25659257258976,47.716373266000915,48.017478942871094,34800,0.0,0.0
2013-10-18 00:00:00-04:00,48.23001006255535,48.60196563064037,48.09717144262755,48.47798156738281,30600,0.0,0.0
2013-10-21 00:00:00-04:00,48.539983599352524,49.30160062746115,48.39828701524941,48.79680633544922,29900,0.0,0.0
2013-10-22 00:00:00-04:00,49.06249968101434,49.37245996173563,48.60198485086149,48.92080307006836,12100,0.0,0.0
2013-10-23 00:00:00-04:00,48.77908492739605,49.14218254381368,48.44255435808072,48.81450653076172,19000,0.0,0.0
2013-10-24 00:00:00-04:00,48.82336522413529,49.15103786396764,48.619676643790186,49.097900390625,14600,0.0,0.0
2013-10-25 00:00:00-04:00,49.345878809979226,49.38130041886423,48.389424425517035,49.33702087402344,13900,0.0,0.0
2013-10-28 00:00:00-04:00,49.21303312033424,49.593843258476824,48.43370035177354,49.55841827392578,20000,0.0,0.0
2013-10-29 00:00:00-04:00,49.56727966437172,49.56727966437172,48.70824230984707,49.416725158691406,15300,0.0,0.0
2013-10-30 00:00:00-04:00,48.70824770529434,49.46986811903449,48.292012507479825,48.345149993896484,19400,0.0,0.0
2013-10-31 00:00:00-04:00,48.398283935600205,49.5584235884004,47.71636811227235,49.080196380615234,42400,0.0,0.0
2013-11-01 00:00:00-04:00,48.894210452247,49.28387848931224,47.68093356027607,47.92890167236328,35500,0.0,0.0
2013-11-04 00:00:00-05:00,47.96433321189779,49.41672385839011,47.80492415281326,49.000492095947266,53500,0.0,0.0
2013-11-05 00:00:00-05:00,48.4248422933461,48.4248422933461,46.08684753502942,46.71562576293945,58500,0.0,0.0
2013-11-06 00:00:00-05:00,46.98131118862429,48.92078692252168,46.66249307465142,48.486839294433594,23200,0.0,0.0
2013-11-07 00:00:00-05:00,48.59310909249587,48.69938404546787,47.353265045967895,47.548095703125,30300,0.0,0.0
2013-11-08 00:00:00-05:00,47.55696197202977,50.87797882233473,47.15843927433056,49.770973205566406,65300,0.0,0.0
2013-11-11 00:00:00-05:00,49.52299664600935,50.213770378325066,49.35473302545578,49.6469841003418,45100,0.0,0.0
2013-11-12 00:00:00-05:00,49.62926995028476,50.57686636059173,49.49642794280477,50.045501708984375,37000,0.0,0.0
2013-11-13 00:00:00-05:00,49.593851783053225,51.02853012084961,49.593851783053225,51.02853012084961,16100,0.0,0.0
2013-11-14 00:00:00-05:00,50.886835529404465,51.35620822798541,49.70012532298988,49.806400299072266,11200,0.0,0.0
2013-11-15 00:00:00-05:00,49.63812160063454,50.19605326973894,49.2307444230781,49.956939697265625,23100,0.0,0.0
2013-11-18 00:00:00-05:00,50.34660846131505,51.45361395411716,50.11635280526978,50.39974594116211,35900,0.0,0.0
2013-11-19 00:00:00-05:00,50.57686169432772,50.57686169432772,49.097900768863575,49.23959732055664,27200,0.0,0.0
2013-11-20 00:00:00-05:00,49.32816238707532,49.32816238707532,48.09717289566879,48.52226257324219,17400,0.0,0.0
2013-11-21 00:00:00-05:00,48.87649646793963,49.23073951293455,47.061008463542784,48.70823287963867,28000,0.0,0.0
2013-11-22 00:00:00-05:00,48.8587934959573,49.39015816696393,48.04403906338493,48.82337188720703,34800,0.0,0.0
2013-11-25 00:00:00-05:00,48.31857540288819,49.33701839633138,48.31857540288819,48.63739013671875,23500,0.0,0.0
2013-11-26 00:00:00-05:00,48.82338248462181,49.292751840991365,48.38058018515968,49.13334274291992,38900,0.0,0.0
2013-11-27 00:00:00-05:00,49.33702028709586,49.806392916100094,48.88536352979246,49.726688385009766,32000,0.0,0.0
2013-11-29 00:00:00-05:00,50.08093156301296,50.47945424587986,49.46986570149233,49.65584182739258,12000,0.0,0.0
2013-12-02 00:00:00-05:00,49.6558333091335,50.018930940499196,48.920783489774216,49.151039123535156,34500,0.0,0.0
2013-12-03 00:00:00-05:00,49.17760543095975,49.646978004663936,48.619677157373545,49.46099853515625,67000,0.0,0.0
2013-12-04 00:00:00-05:00,49.09791047691384,49.09791047691384,48.300868482909614,48.46027755737305,22300,0.0,0.0
2013-12-05 00:00:00-05:00,48.309724957094296,48.71710221762947,48.212307921246094,48.41599655151367,20000,0.0,0.0
2013-12-06 00:00:00-05:00,48.920785201689874,48.93849431556537,48.46912509667834,48.52226257324219,15100,0.0,0.0
2013-12-09 00:00:00-05:00,48.28315702532492,48.47799109347944,47.48611163588646,47.68980026245117,22700,0.0,0.0
2013-12-10 00:00:00-05:00,47.72521494856433,47.72521494856433,46.95474015733252,47.450679779052734,28900,0.0,0.0
2013-12-11 00:00:00-05:00,47.300129670101136,47.459538728326116,46.94588656775394,47.06101608276367,32700,0.0,0.0
2013-12-12 00:00:00-05:00,47.087579118937676,47.955474307871256,46.945882565740575,47.66322326660156,24000,0.0,0.0
2013-12-13 00:00:00-05:00,47.86691369451354,48.36285333896316,47.07872637584914,47.84920120239258,38700,0.0,0.0
2013-12-16 00:00:00-05:00,47.911191372984476,49.18646372961462,47.79606524614272,49.009342193603516,77000,0.0,0.0
2013-12-17 00:00:00-05:00,48.849935362939846,49.04476939921332,48.106027580628584,48.7436637878418,32100,0.0,0.0
2013-12-18 00:00:00-05:00,48.6905210329716,48.991626611702586,48.46911997150212,48.699378967285156,71500,0.0,0.0
2013-12-19 00:00:00-05:00,48.79680411328462,48.956213185430414,48.03518711985939,48.176883697509766,28800,0.0,0.0
2013-12-20 00:00:00-05:00,48.39828566533809,49.36359467333931,48.39828566533809,48.97392654418945,187600,0.0,0.0
2013-12-23 00:00:00-05:00,49.177613513653775,49.894954326851945,49.15990101944128,49.753257751464844,71100,0.0,0.0
2013-12-24 00:00:00-05:00,49.6558437832619,50.99310846307557,49.6558437832619,50.73628234863281,23500,0.0,0.0
2013-12-26 00:00:00-05:00,50.73627336561098,50.74512792253888,50.196054178573085,50.39088821411133,30200,0.0,0.0
2013-12-27 00:00:00-05:00,50.577746123589094,50.72011824956549,50.346392691784665,50.49766159057617,22700,0.27,0.0
2013-12-30 00:00:00-05:00,50.57775882116507,50.81801248051967,49.67013501729884,49.67903518676758,13300,0.0,0.0
2013-12-31 00:00:00-05:00,49.80359925812655,50.96037323751472,49.590039366131826,50.337493896484375,27700,0.0,0.0
2014-01-02 00:00:00-05:00,50.2218221442757,50.2218221442757,48.99386363422803,49.44767379760742,47000,0.0,0.0
2014-01-03 00:00:00-05:00,49.45657623292198,51.28072053312005,49.251913077447625,50.46207809448242,45600,0.0,0.0
2014-01-06 00:00:00-05:00,50.693438905936205,50.90699545822454,49.69683034718995,50.03496551513672,39000,0.0,0.0
2014-01-07 00:00:00-05:00,50.346395604154196,51.35189731696897,49.97266663033517,50.22181701660156,57300,0.0,0.0
2014-01-08 00:00:00-05:00,50.2841068487937,50.96927383590816,50.177328591992094,50.906986236572266,89400,0.0,0.0
2014-01-09 00:00:00-05:00,51.05826657890211,51.912499556561364,50.74682513880002,51.805721282958984,110300,0.0,0.0
2014-01-10 00:00:00-05:00,51.8235112436091,52.223930564260336,51.520970013824375,51.69893264770508,32100,0.0,0.0
2014-01-13 00:00:00-05:00,51.65444030512601,52.49977636617718,50.86249506915012,51.485374450683594,67200,0.0,0.0
2014-01-14 00:00:00-05:00,51.85910173373344,52.34850916016435,51.37859787006802,51.69893264770508,36000,0.0,0.0
2014-01-15 00:00:00-05:00,52.05486207141384,52.65994450037871,51.19172908418641,52.20613098144531,30000,0.0,0.0
2014-01-16 00:00:00-05:00,52.25062973302149,52.57096791769627,51.52097204322661,52.3396110534668,47800,0.0,0.0
2014-01-17 00:00:00-05:00,52.419704353670426,53.10487149766483,52.215044566932406,52.70444869995117,38500,0.0,0.0
2014-01-21 00:00:00-05:00,53.26503917691496,53.825631078560434,53.149360728609004,53.47859573364258,20900,0.0,0.0
2014-01-22 00:00:00-05:00,53.71883482312766,55.16035646461125,53.39849668057575,53.85231018066406,33400,0.0,0.0
2014-01-23 00:00:00-05:00,53.834523372719595,54.75104392409035,53.22944085499328,54.34172439575195,46600,0.0,0.0
2014-01-24 00:00:00-05:00,54.27053715938883,54.279433933702094,53.39850392221697,53.90570831298828,85400,0.0,0.0
2014-01-27 00:00:00-05:00,53.78113889224764,54.94681340261842,53.53198843590778,53.7900390625,49300,0.0,0.0
2014-01-28 00:00:00-05:00,53.62987828981117,54.466314519446186,53.01589882922577,53.2116584777832,85600,0.0,0.0
2014-01-29 00:00:00-05:00,52.91800734534746,52.91800734534746,51.82352065500287,52.4375,46400,0.0,0.0
2014-01-30 00:00:00-05:00,52.971388278347845,52.971388278347845,52.108258591195955,52.659950256347656,35200,0.0,0.0
2014-01-31 00:00:00-05:00,51.948091157779,52.89130542282507,49.99936823245406,51.83241271972656,74600,0.0,0.0
2014-02-03 00:00:00-05:00,51.83241036074159,51.87690102122307,51.12054960977846,51.24512481689453,91000,0.0,0.0
2014-02-04 00:00:00-05:00,51.71672771664336,52.33071032231835,51.05825784852932,52.010372161865234,51900,0.0,0.0
2014-02-05 00:00:00-05:00,51.8057153892707,51.8057153892707,51.13834531494415,51.44978332519531,48700,0.0,0.0
2014-02-06 00:00:00-05:00,51.538761701994986,52.019268942741846,51.16503611102712,51.86800003051758,43400,0.0,0.0
2014-02-07 00:00:00-05:00,51.92138728295787,53.362909000255705,51.5743554084149,52.25062561035156,50300,0.0,0.0
2014-02-10 00:00:00-05:00,52.41969337678665,52.85570997508695,51.42308837349692,51.654441833496094,56000,0.0,0.0
2014-02-11 00:00:00-05:00,51.81460919838399,52.19723495732304,51.431983439444934,52.010372161865234,44500,0.0,0.0
2014-02-12 00:00:00-05:00,51.912491704241575,52.74003083693111,51.805713446790556,52.47308349609375,50600,0.0,0.0
2014-02-13 00:00:00-05:00,52.20613264451535,54.564174837900495,52.20613264451535,54.181549072265625,70000,0.0,0.0
2014-02-14 00:00:00-05:00,54.19935143573146,54.19935143573146,53.042577249355865,53.781131744384766,37000,0.0,0.0
2014-02-18 00:00:00-05:00,53.97690002337414,53.97690002337414,52.86461639002533,53.47859573364258,68300,0.0,0.0
2014-02-19 00:00:00-05:00,53.442985698692574,54.243827585268455,52.86459706303858,53.48747634887695,52200,0.0,0.0
2014-02-20 00:00:00-05:00,53.3807029757944,54.27052963827565,53.184940023834336,53.80781936645508,32000,0.0,0.0
2014-02-21 00:00:00-05:00,54.172640299637166,55.18704200452765,54.110352713857495,54.71543502807617,33600,0.0,0.0
2014-02-24 00:00:00-05:00,55.0268844502246,55.712051431327986,54.51078332377547,55.00019073486328,51700,0.0,0.0
2014-02-25 00:00:00-05:00,55.23154742547073,55.240447594059184,54.46629585901186,55.09807205200195,28100,0.0,0.0
2014-02-26 00:00:00-05:00,57.70526259886516,58.951021389775434,56.14806580743713,57.829837799072266,88500,0.0,0.0
2014-02-27 00:00:00-05:00,57.785355007631324,58.87094479817194,56.592983556289404,57.304847717285156,179200,0.0,0.0
2014-02-28 00:00:00-05:00,57.48281637059775,58.49721849328521,56.779855699499414,58.31925582885742,111700,0.0,0.0
2014-03-03 00:00:00-05:00,58.30143810412299,58.30143810412299,57.26034257110115,57.96330642700195,90700,0.0,0.0
2014-03-04 00:00:00-05:00,58.67517816435025,59.66288640158893,58.6217839428513,59.15568542480469,101500,0.0,0.0
2014-03-05 00:00:00-05:00,59.19126813449914,59.76076345897136,55.04467931011625,58.54169845581055,84100,0.0,0.0
2014-03-06 00:00:00-05:00,58.666268303906406,58.90651850002303,58.17686095591557,58.79974365234375,39600,0.0,0.0
2014-03-07 00:00:00-05:00,59.25357358983939,59.25357358983939,58.25697174652665,58.70188522338867,46200,0.0,0.0
2014-03-10 00:00:00-04:00,58.76414827784625,58.92431733412681,58.212453353138095,58.62177276611328,66200,0.0,0.0
2014-03-11 00:00:00-04:00,58.93322527054347,59.298050686990976,57.91881658780215,58.675174713134766,107600,0.0,0.0
2014-03-12 00:00:00-04:00,58.42602757380377,58.90652804388631,57.96331386276524,58.34593963623047,88600,0.0,0.0
2014-03-13 00:00:00-04:00,57.96332404529229,59.031113615695276,57.26035997572145,57.651885986328125,199800,0.0,0.0
2014-03-14 00:00:00-04:00,56.98451553854594,58.36374316140064,56.93112470250979,57.696372985839844,130500,0.0,0.0
2014-03-17 00:00:00-04:00,58.025596874166276,58.83534241001841,57.562889988564194,58.55059814453125,129800,0.0,0.0
2014-03-18 00:00:00-04:00,58.67518207695435,59.52051483168381,58.648488358844546,59.342552185058594,171400,0.0,0.0
2014-03-19 00:00:00-04:00,59.35146018037391,59.369260522723614,58.65739618324807,59.111209869384766,83400,0.0,0.0
2014-03-20 00:00:00-04:00,58.86204751273246,59.467130042568385,58.86204751273246,59.12009811401367,61800,0.0,0.0
2014-03-21 00:00:00-04:00,59.084509962144175,59.44933547604026,58.86205322794095,59.42264175415039,254500,0.0,0.0
2014-03-24 00:00:00-04:00,59.39593926593954,59.760771514830346,58.43492468669718,58.91543197631836,152400,0.0,0.0
2014-03-25 00:00:00-04:00,59.21797442383196,59.44932449671135,58.532804007275104,58.99551773071289,79800,0.0,0.0
2014-03-26 00:00:00-04:00,59.25354247243875,59.25354247243875,58.31032856925556,58.46159744262695,72200,0.0,0.0
2014-03-27 00:00:00-04:00,58.66712923113823,58.95304854888282,57.96126442426942,58.19356918334961,67200,0.27,0.0
2014-03-28 00:00:00-04:00,58.202505951585565,58.80114845666652,58.05061280555384,58.479488372802734,43500,0.0,0.0
2014-03-31 00:00:00-04:00,58.863692369679825,59.86441337569931,58.595646847662316,58.89943313598633,161500,0.0,0.0
2014-04-01 00:00:00-04:00,59.12281049411974,59.8465491151548,58.50630099372142,59.507015228271484,135300,0.0,0.0
2014-04-02 00:00:00-04:00,59.51594332979439,59.94481884783963,59.19428328283374,59.77505874633789,77300,0.0,0.0
2014-04-03 00:00:00-04:00,59.900152454147474,59.900152454147474,57.63066498404031,58.014869689941406,98100,0.0,0.0
2014-04-04 00:00:00-04:00,58.19356472583935,58.19356472583935,56.29041505195949,57.032020568847656,92500,0.0,0.0
2014-04-07 00:00:00-04:00,56.96947616869559,56.96947616869559,55.70964312572826,55.97769546508789,128300,0.0,0.0
2014-04-08 00:00:00-04:00,56.19212694990292,57.34474097302748,56.19212694990292,57.04988479614258,67200,0.0,0.0
2014-04-09 00:00:00-04:00,57.166039616734594,57.53237390381978,56.51378605233544,57.371543884277344,37400,0.0,0.0
2014-04-10 00:00:00-04:00,57.21965417191623,57.21965417191623,55.754316936184175,56.12065124511719,71900,0.0,0.0
2014-04-11 00:00:00-04:00,55.718581277520215,55.87047442538264,54.976975696515225,55.084197998046875,67700,0.0,0.0
2014-04-14 00:00:00-04:00,55.38797106551537,56.620996486925485,54.53914684636415,55.26287841796875,67900,0.0,0.0
2014-04-15 00:00:00-04:00,55.5309549024448,55.54882188003222,53.913720756573795,55.18248748779297,68000,0.0,0.0
2014-04-16 00:00:00-04:00,55.39690455041278,55.50412341131233,54.80719570282608,55.26287841796875,49700,0.0,0.0
2014-04-17 00:00:00-04:00,55.26289688794725,55.87047631682024,55.08419986286589,55.39692306518555,40000,0.0,0.0
2014-04-21 00:00:00-04:00,55.62029775496452,55.62029775496452,54.84295478889332,55.39692306518555,65800,0.0,0.0
2014-04-22 00:00:00-04:00,55.34330743084454,56.70142584373009,54.994843488356686,56.48698806762695,53700,0.0,0.0
2014-04-23 00:00:00-04:00,56.844389340770874,56.844389340770874,55.51307811620272,55.62923049926758,62700,0.0,0.0
2014-04-24 00:00:00-04:00,56.08491267749341,56.08491267749341,54.58383461907686,54.905494689941406,90200,0.0,0.0
2014-04-25 00:00:00-04:00,54.5570243097343,55.49519713340169,54.05666387984596,54.96803283691406,97500,0.0,0.0
2014-04-28 00:00:00-04:00,55.289707194826036,56.03130943310289,54.39620838680298,55.10206985473633,78200,0.0,0.0
2014-04-29 00:00:00-04:00,55.10206631726587,55.843671916360215,54.449812638294055,54.717864990234375,45900,0.0,0.0
2014-04-30 00:00:00-04:00,54.71785815424979,55.49520101585128,52.27860387026692,52.86831283569336,106800,0.0,0.0
2014-05-01 00:00:00-04:00,52.86831810566359,54.37833313754687,50.03592877362993,51.063453674316406,179600,0.0,0.0
2014-05-02 00:00:00-04:00,50.991974407431265,52.00162896943975,50.706055074399586,51.18854522705078,80400,0.0,0.0
2014-05-05 00:00:00-04:00,50.79539413682192,51.64421849001443,50.7417864021198,51.501258850097656,65000,0.0,0.0
2014-05-06 00:00:00-04:00,51.25109134970973,51.358310250589305,50.938364726872145,51.01877975463867,81300,0.0,0.0
2014-05-07 00:00:00-04:00,51.0187604446013,51.28681270798653,50.5541442471661,51.10811233520508,64400,0.0,0.0
2014-05-08 00:00:00-04:00,50.991968045834106,52.42156453264056,49.99125050506959,50.15208053588867,82300,0.0,0.0
2014-05-09 00:00:00-04:00,49.92871144442494,51.420852731042864,49.92871144442494,51.27789306640625,53500,0.0,0.0
2014-05-12 00:00:00-04:00,51.599558069262315,52.904065559137926,51.599558069262315,52.5377311706543,60400,0.0,0.0
2014-05-13 00:00:00-04:00,52.35008958799332,52.9487320880229,51.05451577599724,51.19747543334961,80100,0.0,0.0
2014-05-14 00:00:00-04:00,51.24214046838928,51.29575160841157,50.16100804113823,50.366512298583984,68100,0.0,0.0
2014-05-15 00:00:00-04:00,50.14313867750664,50.72391411002752,49.38366625814229,50.08953094482422,41800,0.0,0.0
2014-05-16 00:00:00-04:00,49.93764824064197,50.50055344862797,49.10669406975752,49.928714752197266,39900,0.0,0.0
2014-05-19 00:00:00-04:00,49.84829729010146,50.72392567733749,49.84829729010146,50.57202911376953,26800,0.0,0.0
2014-05-20 00:00:00-04:00,50.26824113625259,50.938365238225046,49.035215242691024,49.49089813232422,47900,0.0,0.0
2014-05-21 00:00:00-04:00,49.86615449473314,49.94656949926752,48.48122903792688,48.87437057495117,41100,0.0,0.0
2014-05-22 00:00:00-04:00,49.15136336910905,49.20497451964999,48.499109708783166,48.66887664794922,31800,0.0,0.0
2014-05-23 00:00:00-04:00,48.79396414699147,49.49089203650507,48.79396414699147,49.36580276489258,36400,0.0,0.0
2014-05-27 00:00:00-04:00,49.86616916998888,50.27717779926534,49.71427260186567,49.919776916503906,35400,0.0,0.0
2014-05-28 00:00:00-04:00,50.000181487984555,50.38438616365338,48.90117860470861,49.45514678955078,38900,0.0,0.0
2014-05-29 00:00:00-04:00,49.77680686542035,50.08953342473243,49.437279846866716,49.642784118652344,34500,0.0,0.0
2014-05-30 00:00:00-04:00,49.77681377579832,50.19675927251002,49.17817125858794,49.875099182128906,53800,0.0,0.0
2014-06-02 00:00:00-04:00,49.9733826607811,50.77753285571452,48.49910843954551,48.704612731933594,53200,0.0,0.0
2014-06-03 00:00:00-04:00,48.68674408186332,48.81183335045338,48.03448705262611,48.63313293457031,49600,0.0,0.0
2014-06-04 00:00:00-04:00,48.266803985658164,49.4640924743223,48.0344923966366,48.84757614135742,45800,0.0,0.0
2014-06-05 00:00:00-04:00,49.13349036762569,50.0269889831543,48.45442951110498,50.0269889831543,47000,0.0,0.0
2014-06-06 00:00:00-04:00,49.982315195363874,50.5720241909321,49.40154309536182,49.884033203125,39000,0.0,0.0
2014-06-09 00:00:00-04:00,49.991258533450086,50.23250361842163,49.44622372019148,49.776817321777344,55400,0.0,0.0
2014-06-10 00:00:00-04:00,49.79468630299695,49.84829745651061,49.28539227411282,49.80362319946289,29900,0.0,0.0
2014-06-11 00:00:00-04:00,49.410471350644926,49.62491251197577,48.74928430269251,49.535560607910156,35900,0.0,0.0
2014-06-12 00:00:00-04:00,49.39260750311649,49.56237443908334,48.92798776579875,49.33006286621094,35800,0.0,0.0
2014-06-13 00:00:00-04:00,49.526633672729574,49.56237443908334,49.062013935411834,49.33006286621094,25900,0.0,0.0
2014-06-16 00:00:00-04:00,49.17816482461189,49.321124467363745,48.704608238649655,49.12455368041992,59300,0.0,0.0
2014-06-17 00:00:00-04:00,48.9816001105119,49.35687134952916,48.54378764149012,49.24964904785156,42900,0.0,0.0
2014-06-18 00:00:00-04:00,49.249643126329794,49.82148169948008,48.84756806445014,49.508758544921875,44000,0.0,0.0
2014-06-19 00:00:00-04:00,49.77680419205732,49.77680419205732,49.070939508338256,49.37472915649414,45800,0.0,0.0
2014-06-20 00:00:00-04:00,49.750003864068674,49.750003864068674,48.6688713425511,49.6070442199707,185300,0.0,0.0
2014-06-23 00:00:00-04:00,49.732132492612315,49.92870327749443,49.50875784012871,49.741065979003906,46200,0.0,0.0
2014-06-24 00:00:00-04:00,49.85723147798469,50.6524448505952,49.696401424150274,49.812557220458984,29000,0.0,0.0
2014-06-25 00:00:00-04:00,49.6427848848542,50.062726921320824,49.50875872759089,49.89296340942383,37300,0.0,0.0
2014-06-26 00:00:00-04:00,49.96479801547231,50.20721180461471,49.78522932815497,50.00968933105469,32900,0.27,0.0
2014-06-27 00:00:00-04:00,49.63258419563161,51.679661315956245,49.52484437613677,51.67068099975586,341100,0.0,0.0
2014-06-30 00:00:00-04:00,51.74252243442681,52.23633377114511,51.024251087837655,52.07472229003906,50100,0.0,0.0
2014-07-01 00:00:00-04:00,51.98493261466581,52.99948925586788,51.98493261466581,52.2542839050293,48600,0.0,0.0
2014-07-02 00:00:00-04:00,52.36203131240613,52.36203131240613,51.97595981786261,52.020851135253906,28900,0.0,0.0
2014-07-03 00:00:00-04:00,52.299178212318196,52.54159541503047,52.02982690652268,52.4967041015625,14700,0.0,0.0
2014-07-07 00:00:00-04:00,52.110627793776466,52.54159052796155,51.86821061361223,52.22734451293945,42700,0.0,0.0
2014-07-08 00:00:00-04:00,52.23632864925063,52.52363715971502,51.67966883834932,52.37100601196289,94600,0.0,0.0
2014-07-09 00:00:00-04:00,52.57752027120375,52.7121942383373,51.85924541320476,52.18246841430664,39600,0.0,0.0
2014-07-10 00:00:00-04:00,51.5270364963123,51.87719354453801,50.9793535542207,51.27564239501953,66100,0.0,0.0
2014-07-11 00:00:00-04:00,51.25768833805968,51.76945689003024,50.72796257417935,50.817745208740234,39600,0.0,0.0
2014-07-14 00:00:00-04:00,51.25768286225836,51.25768286225836,50.29699439013674,50.512474060058594,50600,0.0,0.0
2014-07-15 00:00:00-04:00,50.53941945705063,50.53941945705063,49.63259904871433,50.00071334838867,19700,0.0,0.0
2014-07-16 00:00:00-04:00,50.25210388046248,50.25210388046248,49.426089332598984,49.5787239074707,39000,0.0,0.0
2014-07-17 00:00:00-04:00,49.524851638295914,49.62361458105975,48.411528590304876,48.51927185058594,32800,0.0,0.0
2014-07-18 00:00:00-04:00,48.38459310814148,49.18367009501013,48.23196196457668,48.58211898803711,46300,0.0,0.0
2014-07-21 00:00:00-04:00,48.31277425702918,48.662931328049375,47.80998259672523,48.45642852783203,74800,0.0,0.0
2014-07-22 00:00:00-04:00,48.71679888976174,49.10287037958468,48.52825330403089,49.066959381103516,24700,0.0,0.0
2014-07-23 00:00:00-04:00,48.7167923104365,49.42608666571345,48.7167923104365,49.14775848388672,27100,0.0,0.0
2014-07-24 00:00:00-04:00,49.12980313409635,49.37222033146706,48.258897287059426,49.03104019165039,21600,0.0,0.0
2014-07-25 00:00:00-04:00,48.671899220240455,48.76168526350484,48.29480811349209,48.56415939331055,26000,0.0,0.0
2014-07-28 00:00:00-04:00,48.43847539508625,49.18368091732448,48.42051818160014,48.95922088623047,31900,0.0,0.0
2014-07-29 00:00:00-04:00,49.24651924158038,49.479959543511605,48.61803402481377,48.80657958984375,33700,0.0,0.0
2014-07-30 00:00:00-04:00,50.162315036294586,53.59206323378318,50.162315036294586,53.32271194458008,80300,0.0,0.0
2014-07-31 00:00:00-04:00,52.67625844586778,53.26883599087433,52.110621848340195,52.5326042175293,38500,0.0,0.0
2014-08-01 00:00:00-04:00,52.48771642834497,53.28679334105185,52.12858254594186,52.864810943603516,37500,0.0,0.0
2014-08-04 00:00:00-04:00,53.36760541300883,53.39454294050949,51.7694513974657,52.972557067871094,35200,0.0,0.0
2014-08-05 00:00:00-04:00,52.82890531820569,53.457393998220994,52.676270738422026,53.12519073486328,33500,0.0,0.0
2014-08-06 00:00:00-04:00,53.01745757849226,53.80755783083139,52.819935084148625,53.27783203125,22400,0.0,0.0
2014-08-07 00:00:00-04:00,53.26884354375591,53.31373485429167,52.828900480535516,52.999488830566406,33700,0.0,0.0
2014-08-08 00:00:00-04:00,53.008469574497724,53.28679775705308,52.792986487208516,52.900726318359375,35000,0.0,0.0
2014-08-11 00:00:00-04:00,52.97255914711399,53.861422239797456,52.70320783644824,53.22395324707031,28100,0.0,0.0
2014-08-12 00:00:00-04:00,53.197027941454856,53.22396204947959,52.27225369939713,52.703216552734375,54100,0.0,0.0
2014-08-13 00:00:00-04:00,52.62239851506813,52.972555537572724,52.55954999436153,52.75707244873047,26300,0.0,0.0
2014-08-14 00:00:00-04:00,52.855838211478336,52.97255836687648,52.45180953893682,52.81992721557617,57200,0.0,0.0
2014-08-15 00:00:00-04:00,53.23292244475146,53.268836858667896,52.173471209125736,52.478736877441406,71600,0.0,0.0
2014-08-18 00:00:00-04:00,52.882768670800715,53.062333901272076,52.523631359883545,52.855831146240234,49400,0.0,0.0
2014-08-19 00:00:00-04:00,53.05336344002941,53.05336344002941,52.200414791960654,52.406917572021484,33500,0.0,0.0
2014-08-20 00:00:00-04:00,52.263261752765054,52.52363615570488,51.79638457593806,52.290199279785156,26000,0.0,0.0
2014-08-21 00:00:00-04:00,52.19143871843373,52.37100739847492,51.79638693734557,52.16450119018555,33900,0.0,0.0
2014-08-22 00:00:00-04:00,52.272240157354815,52.45180539765124,51.940036927834115,52.21836853027344,37200,0.0,0.0
2014-08-25 00:00:00-04:00,52.218366417306726,52.34406345042298,51.562943726781064,51.96697235107422,71900,0.0,0.0
2014-08-26 00:00:00-04:00,52.06573820798434,52.77502913825446,51.77842628402955,52.76605224609375,123300,0.0,0.0
2014-08-27 00:00:00-04:00,52.71218614671088,53.86142368810162,52.71218614671088,53.205997467041016,59700,0.0,0.0
2014-08-28 00:00:00-04:00,52.84685230886603,53.24190059633928,52.828895101482644,52.88276672363281,43400,0.0,0.0
2014-08-29 00:00:00-04:00,52.828898800580404,52.88277042650268,52.550567204129656,52.649330139160156,54400,0.0,0.0
2014-09-02 00:00:00-04:00,53.00847461922273,53.439437409827654,52.58648872165658,52.65831756591797,59700,0.0,0.0
2014-09-03 00:00:00-04:00,53.071315979749635,53.071315979749635,52.29917313313372,52.649330139160156,79300,0.0,0.0
2014-09-04 00:00:00-04:00,52.87379318207824,53.06233874628119,52.263261752765054,52.290199279785156,70100,0.0,0.0
2014-09-05 00:00:00-04:00,52.353049410625424,52.52363777038839,52.05676057920864,52.45180892944336,77500,0.0,0.0
2014-09-08 00:00:00-04:00,52.3530479381136,52.5236362930785,52.092673534492775,52.42487335205078,62500,0.0,0.0
2014-09-09 00:00:00-04:00,52.496695098685315,52.595458026370196,51.70659510219335,51.85922622680664,88600,0.0,0.0
2014-09-10 00:00:00-04:00,52.065730752802544,52.101641741290834,51.52702482563438,51.69761657714844,53100,0.0,0.0
2014-09-11 00:00:00-04:00,51.55396140527546,51.975947221458675,51.55396140527546,51.80535888671875,91700,0.0,0.0
2014-09-12 00:00:00-04:00,51.80537147028203,52.20940017700195,51.158925539530166,52.20940017700195,161300,0.0,0.0
2014-09-15 00:00:00-04:00,52.02983098850552,52.065745412092625,50.92548815061167,51.19483947753906,77000,0.0,0.0
2014-09-16 00:00:00-04:00,51.24871024313803,51.26666402963893,50.296998584159695,50.36882400512695,71200,0.0,0.0
2014-09-17 00:00:00-04:00,50.53939978538899,51.02423406697423,50.30595953500196,50.6561164855957,91700,0.0,0.0
2014-09-18 00:00:00-04:00,50.88058569684145,51.94901737419769,50.611234410738696,51.706600189208984,137800,0.0,0.0
2014-09-19 00:00:00-04:00,51.76944999675767,52.28121848058457,51.42826986587723,52.20041275024414,209700,0.0,0.0
2014-09-22 00:00:00-04:00,52.09266681150906,52.13755811754965,51.60783248630161,51.67068099975586,69800,0.0,0.0
2014-09-23 00:00:00-04:00,51.518055814973486,51.643752856376615,49.67748465516874,49.88398742675781,110000,0.0,0.0
2014-09-24 00:00:00-04:00,50.09946747460667,50.34188466702262,49.551784568591486,49.740333557128906,44400,0.0,0.0
2014-09-25 00:00:00-04:00,49.82114975098093,49.875017966172436,49.38120658531692,49.47098922729492,96500,0.0,0.0
2014-09-26 00:00:00-04:00,49.7507833490833,49.78688779249276,49.17312602696883,49.60636901855469,48100,0.29,0.0
2014-09-29 00:00:00-04:00,49.21824088833367,49.67856380336161,49.073826598799236,49.43486404418945,53600,0.0,0.0
2014-09-30 00:00:00-04:00,49.51611370996075,49.70565688221827,48.52326212759913,48.649627685546875,60500,0.0,0.0
2014-10-01 00:00:00-04:00,48.48716225919,48.92942967146425,48.08099584977831,48.35177230834961,54000,0.0,0.0
2014-10-02 00:00:00-04:00,48.48715078444613,49.54317975589213,48.46007073482101,49.37168884277344,40300,0.0,0.0
2014-10-03 00:00:00-04:00,49.642472609921036,50.05766337267599,49.36266834296399,49.777862548828125,50600,0.0,0.0
2014-10-06 00:00:00-04:00,49.804944052430756,50.238187079144375,49.335596579380294,49.75981521606445,35500,0.0,0.0
2014-10-07 00:00:00-04:00,49.61539518323495,50.021558107056705,49.09189110072204,49.57026290893555,30500,0.0,0.0
2014-10-08 00:00:00-04:00,49.64247173985104,50.96025289059908,49.35364308881336,50.897071838378906,41600,0.0,0.0
2014-10-09 00:00:00-04:00,50.68045537117728,50.68045537117728,49.67857941630354,49.79591369628906,43700,0.0,0.0
2014-10-10 00:00:00-04:00,49.57026135827136,50.31941301640978,49.57026135827136,49.6605224609375,45100,0.0,0.0
2014-10-13 00:00:00-04:00,49.57929122644663,50.91512461279068,48.74890626335704,50.36454391479492,45200,0.0,0.0
2014-10-14 00:00:00-04:00,50.770712650274696,52.169727154682626,50.770712650274696,51.83576965332031,43800,0.0,0.0
2014-10-15 00:00:00-04:00,51.31225262057823,53.03619980274552,51.06855629115725,52.819580078125,61200,0.0,0.0
2014-10-16 00:00:00-04:00,52.0975258723234,53.83049801657145,52.0975258723234,53.70413589477539,47500,0.0,0.0
2014-10-17 00:00:00-04:00,54.299836098461476,54.299836098461476,53.234779194709915,53.66802215576172,73700,0.0,0.0
2014-10-20 00:00:00-04:00,53.55069389616453,54.65185192122528,53.55069389616453,54.525489807128906,47900,0.0,0.0
2014-10-21 00:00:00-04:00,54.76015809986672,55.41905212402344,54.45328066821721,55.41905212402344,52100,0.0,0.0
2014-10-22 00:00:00-04:00,55.35587971083705,55.65373279991109,54.733090031947334,54.78724670410156,41400,0.0,0.0
2014-10-23 00:00:00-04:00,55.38294860476038,55.72593392770429,54.787239066546846,55.554439544677734,35900,0.0,0.0
2014-10-24 00:00:00-04:00,55.39195754450655,55.68981395209227,55.14825778642049,55.50027084350586,33600,0.0,0.0
2014-10-27 00:00:00-04:00,55.49125938810711,55.50931160993385,54.98580750628594,55.202430725097656,47800,0.0,0.0
2014-10-28 00:00:00-04:00,55.572494022306024,55.716908357338525,55.05801773855841,55.64470291137695,65900,0.0,0.0
2014-10-29 00:00:00-04:00,55.734955199585904,55.734955199585904,55.310736625016844,55.63566970825195,76300,0.0,0.0
2014-10-30 00:00:00-04:00,57.314486788593854,57.314486788593854,55.96060127390266,56.77293395996094,98700,0.0,0.0
2014-10-31 00:00:00-04:00,57.531130632388695,60.83461233604738,57.48599834454835,60.64506912231445,102800,0.0,0.0
2014-11-03 00:00:00-05:00,61.41224928146058,62.96470581157405,60.6450488481979,61.86354446411133,104800,0.0,0.0
2014-11-04 00:00:00-05:00,61.61983235738711,63.39793622339782,61.34905941842453,63.02787780761719,85100,0.0,0.0
2014-11-05 00:00:00-05:00,63.16329172064162,64.29152994389656,62.55855079945005,62.70296859741211,49700,0.0,0.0
2014-11-06 00:00:00-05:00,62.901534404886746,63.11815419762805,62.05309712783964,62.540496826171875,32100,0.0,0.0
2014-11-07 00:00:00-05:00,62.66684317094213,63.98462414824606,62.09821377580262,63.533329010009766,128300,0.0,0.0
2014-11-10 00:00:00-05:00,63.91242251784797,65.22118269881037,63.91242251784797,65.13994598388672,83800,0.0,0.0
2014-11-11 00:00:00-05:00,65.19409416999609,65.43779049777655,64.27344829567699,65.21214294433594,66500,0.0,0.0
2014-11-12 00:00:00-05:00,64.97746493050533,66.33135019634737,64.54422550171715,66.03350067138672,44600,0.0,0.0
2014-11-13 00:00:00-05:00,65.86203093121625,66.38553508221041,64.94138475033427,65.10385131835938,55600,0.0,0.0
2014-11-14 00:00:00-05:00,65.16704038703286,65.55515463133005,64.3637352814768,64.79698181152344,45000,0.0,0.0
2014-11-17 00:00:00-05:00,64.53522030346087,65.32047651206629,63.975611718294125,64.32762145996094,75000,0.0,0.0
2014-11-18 00:00:00-05:00,64.30955623990656,64.76987920218565,63.64164137341536,63.85826110839844,49200,0.0,0.0
2014-11-19 00:00:00-05:00,63.65968154448339,63.76799484044388,62.468262833783065,62.73001480102539,51700,0.0,0.0
2014-11-20 00:00:00-05:00,62.45926274116923,62.856404783171115,62.071148532727214,62.432186126708984,40100,0.0,0.0
2014-11-21 00:00:00-05:00,63.244498585434194,63.244498585434194,61.673993477497696,61.809383392333984,38300,0.0,0.0
2014-11-24 00:00:00-05:00,61.77328348804611,62.06211211398587,60.91581855531855,61.610816955566406,74300,0.0,0.0
2014-11-25 00:00:00-05:00,61.58375928564461,61.93576906656187,60.72629408923561,60.96999740600586,34100,0.0,0.0
2014-11-26 00:00:00-05:00,61.114396062918374,62.45925385069813,61.114396062918374,62.11627197265625,22900,0.0,0.0
2014-11-28 00:00:00-05:00,62.12530910953321,63.064004106373716,61.21369072735417,61.35810852050781,17000,0.0,0.0
2014-12-01 00:00:00-05:00,61.35810266500343,62.125303180813624,61.09635060455642,61.42128372192383,58500,0.0,0.0
2014-12-02 00:00:00-05:00,61.692064670336606,62.85640734308207,61.024149570311174,62.70296859741211,69700,0.0,0.0
2014-12-03 00:00:00-05:00,62.54048449808496,62.86541756625508,61.29491232757794,61.385169982910156,35400,0.0,0.0
2014-12-04 00:00:00-05:00,61.28589245560596,61.82744534415042,59.706359180390436,60.11252212524414,41600,0.0,0.0
2014-12-05 00:00:00-05:00,60.05836353573346,61.08731599789135,59.65219374095452,60.10348892211914,38600,0.0,0.0
2014-12-08 00:00:00-05:00,59.787577033725384,60.65406285900057,59.31823312736611,59.5980339050293,55000,0.0,0.0
2014-12-09 00:00:00-05:00,59.02940967481712,62.5404855501821,59.02940967481712,61.82743835449219,77300,0.0,0.0
2014-12-10 00:00:00-05:00,61.60178638834078,62.432167790260685,60.82555819943646,61.132442474365234,62000,0.0,0.0
2014-12-11 00:00:00-05:00,61.34004726658608,62.116275618541884,61.06024642560857,61.294921875,34400,0.0,0.0
2014-12-12 00:00:00-05:00,60.636024176517,61.44835692486757,60.47355762684688,60.942901611328125,42300,0.0,0.0
2014-12-15 00:00:00-05:00,61.20465365725322,61.403224649763175,60.30206324491222,60.942901611328125,36200,0.0,0.0
2014-12-16 00:00:00-05:00,60.482591492772244,61.35810538187802,60.356229373336255,60.545772552490234,75000,0.0,0.0
2014-12-17 00:00:00-05:00,61.14147870322858,61.376154161989284,60.1125260814104,60.545772552490234,81700,0.0,0.0
2014-12-18 00:00:00-05:00,61.07829810886205,61.692059930606916,60.3472019999524,61.06024932861328,53300,0.0,0.0
2014-12-19 00:00:00-05:00,60.970002313348125,61.13246890886496,60.12156488273574,60.64506912231445,96700,0.0,0.0
2014-12-22 00:00:00-05:00,60.54577459822973,61.22271749788913,60.23889023621677,60.48259353637695,33400,0.0,0.0
2014-12-23 00:00:00-05:00,60.78945670357036,61.7010748553434,60.05836074761347,61.10536193847656,41300,0.0,0.0
2014-12-24 00:00:00-05:00,60.98803533347866,61.41225393913919,60.2930437294223,60.92485427856445,27300,0.0,0.0
2014-12-26 00:00:00-05:00,61.285892935402345,62.26069227414506,60.44648354141033,61.98088455200195,34100,0.0,0.0
2014-12-29 00:00:00-05:00,62.162166472793295,63.25893174711058,62.162166472793295,63.18641662597656,30700,0.29,0.0
2014-12-30 00:00:00-05:00,63.195502374300276,63.56713038355497,62.225634803003025,62.36159896850586,31400,0.0,0.0
2014-12-31 00:00:00-05:00,62.63350610340732,63.06858995073064,61.201363462104354,61.26481246948242,61800,0.0,0.0
2015-01-02 00:00:00-05:00,61.727079113054764,61.79052811154404,60.35838567087502,61.42795944213867,34400,0.0,0.0
2015-01-05 00:00:00-05:00,61.02007862456985,61.110719069918446,57.956383855370696,58.24644088745117,85900,0.0,0.0
2015-01-06 00:00:00-05:00,58.21925529700931,58.21925529700931,56.27045440673828,56.27045440673828,64200,0.0,0.0
2015-01-07 00:00:00-05:00,56.76898229637375,56.914009094238274,54.96520825632909,56.91400909423828,55800,0.0,0.0
2015-01-08 00:00:00-05:00,57.104349311229946,58.9353111193756,57.09528665019251,58.42771911621094,58100,0.0,0.0
2015-01-09 00:00:00-05:00,58.29175937485802,59.37039937801997,57.693526885542155,58.51836395263672,52500,0.0,0.0
2015-01-12 00:00:00-05:00,58.38240127817143,59.035016592183865,58.010766485968006,58.672454833984375,57700,0.0,0.0
2015-01-13 00:00:00-05:00,58.91718541798041,60.5487410111088,57.93825206210337,58.681514739990234,91700,0.0,0.0
2015-01-14 00:00:00-05:00,57.90200692082505,59.760163903092426,57.90200692082505,59.68764877319336,44400,0.0,0.0
2015-01-15 00:00:00-05:00,59.569817006614784,60.4671692659923,58.94438611183052,59.46104431152344,54100,0.0,0.0
2015-01-16 00:00:00-05:00,59.170985263265564,59.877990427759805,58.8356149195773,59.76015853881836,47300,0.0,0.0
2015-01-20 00:00:00-05:00,59.71482751996207,60.3946411585039,58.454906796431644,59.22536087036133,45700,0.0,0.0
2015-01-21 00:00:00-05:00,58.97158220489426,60.0320970482104,58.54556442648698,58.95345687866211,40300,0.0,0.0
2015-01-22 00:00:00-05:00,59.406650756270054,60.711895201338876,58.708704856728794,60.403709411621094,49200,0.0,0.0
2015-01-23 00:00:00-05:00,60.19522747439178,61.75426074910894,59.96862295641636,61.40982437133789,43300,0.0,0.0
2015-01-26 00:00:00-05:00,61.49140411751732,61.87210499711025,60.11365156914547,61.618309020996094,54700,0.0,0.0
2015-01-27 00:00:00-05:00,60.838802343133295,61.87211871232319,60.78441253946531,60.98382568359375,39700,0.0,0.0
2015-01-28 00:00:00-05:00,61.3010771162027,62.189370237558514,60.63939552215075,61.02915573120117,49500,0.0,0.0
2015-01-29 00:00:00-05:00,60.90224908448608,61.14697898790207,60.322141913389025,60.91130828857422,44400,0.0,0.0
2015-01-30 00:00:00-05:00,60.666580451928766,61.60925636593201,59.760162101782164,60.21337127685547,69000,0.0,0.0
2015-02-02 00:00:00-05:00,60.213365627305386,61.727082470323374,59.68764137384514,61.1107177734375,40400,0.0,0.0
2015-02-03 00:00:00-05:00,61.536747948015325,63.04140589272555,61.0110235879052,61.94463348388672,48000,0.0,0.0
2015-02-04 00:00:00-05:00,61.781476694107596,62.588188454598615,60.81160244217157,61.056339263916016,46900,0.0,0.0
2015-02-05 00:00:00-05:00,61.4188749615681,61.95365816939376,61.25571947325497,61.663604736328125,38500,0.0,0.0
2015-02-06 00:00:00-05:00,61.82678573531667,61.86304329383771,59.96863254021295,60.403709411621094,47900,0.0,0.0
2015-02-09 00:00:00-05:00,60.08647086736844,61.22855987937358,59.542621262030785,60.222434997558594,57400,0.0,0.0
2015-02-10 00:00:00-05:00,60.73003245016091,61.15605020217458,59.461045314386276,60.29494857788086,39600,0.0,0.0
2015-02-11 00:00:00-05:00,60.43091921643,60.88412846253868,59.46105170637439,60.53969192504883,33000,0.0,0.0
2015-02-12 00:00:00-05:00,60.72096486055646,61.13791648221427,58.826553780713986,59.143798828125,78200,0.0,0.0
2015-02-13 00:00:00-05:00,59.36134042120388,59.923322331456745,58.89000588533844,59.27976608276367,34800,0.0,0.0
2015-02-17 00:00:00-05:00,59.50636625795575,59.81454517857478,58.744971245410284,58.76310348510742,40900,0.0,0.0
2015-02-18 00:00:00-05:00,58.880926410920246,59.39758451680397,58.264561748162286,59.18004608154297,50000,0.0,0.0
2015-02-19 00:00:00-05:00,58.91718613477938,59.95050238452479,58.91718613477938,59.47916793823242,19600,0.0,0.0
2015-02-20 00:00:00-05:00,59.6060626897737,59.6060626897737,58.50023138076335,58.91718292236328,30200,0.0,0.0
2015-02-23 00:00:00-05:00,58.90813064696572,59.343214527419114,58.019844476032915,59.33414840698242,49300,0.0,0.0
2015-02-24 00:00:00-05:00,59.334147845190714,59.98677020197975,59.107543244384715,59.81454849243164,29100,0.0,0.0
2015-02-25 00:00:00-05:00,59.99582398024818,60.92036751855714,59.87798518619925,60.403709411621094,23500,0.0,0.0
2015-02-26 00:00:00-05:00,60.77535851743221,62.65164439152538,59.732975939508485,62.41597366333008,72600,0.0,0.0
2015-02-27 00:00:00-05:00,62.13498264687016,63.449286530256096,61.31920472268218,62.38877868652344,73800,0.0,0.0
2015-03-02 00:00:00-05:00,62.515675876403975,62.86011236630026,61.400778242244336,62.751346588134766,41500,0.0,0.0
2015-03-03 00:00:00-05:00,62.43410902283241,62.860126860003376,61.50956511813632,62.406917572021484,43200,0.0,0.0
2015-03-04 00:00:00-05:00,62.49752080491321,62.49752080491321,61.12883454989968,61.64549255371094,40600,0.0,0.0
2015-03-05 00:00:00-05:00,61.718014407706036,62.08964920409679,60.041142053161614,60.639381408691406,37000,0.0,0.0
2015-03-06 00:00:00-05:00,60.20431199547027,60.62126365404726,58.70872016476377,58.87187576293945,25000,0.0,0.0
2015-03-09 00:00:00-04:00,59.198175084357324,59.198175084357324,57.72977845304299,58.3280143737793,69300,0.0,0.0
2015-03-10 00:00:00-04:00,57.73885143148715,58.76310516787465,57.503180716638205,58.463985443115234,69400,0.0,0.0
2015-03-11 00:00:00-04:00,58.3280179484016,59.29788528149237,58.028898240846296,58.781227111816406,99900,0.0,0.0
2015-03-12 00:00:00-04:00,59.28881954232559,60.802536321582835,59.28881954232559,60.26774597167969,81800,0.0,0.0
2015-03-13 00:00:00-04:00,59.97770120839124,60.20430579834172,57.92919723663203,59.08034896850586,70500,0.0,0.0
2015-03-16 00:00:00-04:00,59.59699820778301,60.875051222592134,59.49729164994305,60.575931549072266,73700,0.0,0.0
2015-03-17 00:00:00-04:00,60.26775670228587,60.71190669166175,59.170991282283914,59.832679748535156,72500,0.0,0.0
2015-03-18 00:00:00-04:00,59.81455139102801,61.87212513869311,59.51543855919112,61.600196838378906,67600,0.0,0.0
2015-03-19 00:00:00-04:00,61.45514804110141,61.89929096001532,60.59404672354218,61.40982437133789,64600,0.0,0.0
2015-03-20 00:00:00-04:00,61.70895950443494,63.39489809514238,61.500480252713984,62.832916259765625,278200,0.0,0.0
2015-03-23 00:00:00-04:00,62.83291327497668,64.45540278424677,62.669757712161186,63.54898452758789,52400,0.0,0.0
2015-03-24 00:00:00-04:00,63.61243884762476,64.13816314014454,62.39783468612813,62.905433654785156,46600,0.0,0.0
2015-03-25 00:00:00-04:00,62.76040165922341,63.31331737989341,62.089654048160234,62.49753952026367,46300,0.0,0.0
2015-03-26 00:00:00-04:00,62.24374760014357,63.24080642072615,62.15310714653122,62.751346588134766,23800,0.0,0.0
2015-03-27 00:00:00-04:00,62.91447323425104,64.03842955602897,62.42500671135901,63.78463363647461,38100,0.0,0.0
2015-03-30 00:00:00-04:00,63.875317180476735,64.97208281081521,63.78467670734769,64.73641204833984,40400,0.0,0.0
2015-03-31 00:00:00-04:00,64.28131086604543,64.98210211524584,62.71592155512962,62.99805450439453,44500,0.29,0.0
2015-04-01 00:00:00-04:00,62.86100203435732,66.38882277478116,62.86100203435732,65.85873413085938,60300,0.29,0.0
2015-04-02 00:00:00-04:00,66.0872064393401,67.65918928523102,65.64851776824491,67.0194320678711,68400,0.0,0.0
2015-04-06 00:00:00-04:00,66.8457719363257,67.49467044974811,66.36138339622374,66.89147186279297,46700,0.0,0.0
2015-04-07 00:00:00-04:00,66.982869133743,67.4398405370518,64.47866779600326,65.15498352050781,39100,0.0,0.0
2015-04-08 00:00:00-04:00,65.23723605185371,67.33016594865424,65.19154309450256,66.4527816772461,99000,0.0,0.0
2015-04-09 00:00:00-04:00,66.16030818247042,66.845765173149,64.46951566669573,65.21894836425781,37300,0.0,0.0
2015-04-10 00:00:00-04:00,65.20069445217815,65.20069445217815,62.129852190353056,62.42231369018555,88700,0.0,0.0
2015-04-13 00:00:00-04:00,62.27606696005702,64.0765355399047,62.27606696005702,63.32710266113281,60800,0.0,0.0
2015-04-14 00:00:00-04:00,63.50987311945491,63.56471442025788,62.58679605869218,63.03462600708008,44500,0.0,0.0
2015-04-15 00:00:00-04:00,63.44590904388298,64.60662033286634,63.2357060995612,64.06739044189453,28100,0.0,0.0
2015-04-16 00:00:00-04:00,63.96686368518478,64.52436943002259,63.65612643610465,64.25019073486328,21600,0.0,0.0
2015-04-17 00:00:00-04:00,63.61958036823414,64.0948277168149,62.30350006011424,62.62337875366211,40300,0.0,0.0
2015-04-20 00:00:00-04:00,62.81530372473728,63.79322242883958,62.81530372473728,63.107765197753906,29100,0.0,0.0
2015-04-21 00:00:00-04:00,63.24484879152792,63.88461303456863,62.96152871083964,63.253990173339844,37800,0.0,0.0
2015-04-22 00:00:00-04:00,63.50987309446501,63.50987309446501,62.31261044864579,62.742164611816406,13300,0.0,0.0
2015-04-23 00:00:00-04:00,62.88842662823759,63.126053802306174,62.44059643208879,62.65080642700195,31000,0.0,0.0
2015-04-24 00:00:00-04:00,62.48627643283262,64.00341796875,62.48627643283262,64.00341796875,28000,0.0,0.0
2015-04-27 00:00:00-04:00,64.54264415767392,64.5792027070431,63.11688862359719,64.3415756225586,63800,0.0,0.0
2015-04-28 00:00:00-04:00,65.15499629619957,65.8038949793955,64.17707758028016,65.03618621826172,63100,0.0,0.0
2015-04-29 00:00:00-04:00,64.14964443219428,64.14964443219428,59.333162191483005,62.20294189453125,94100,0.0,0.0
2015-04-30 00:00:00-04:00,62.02017504932253,62.458863802301394,59.90896886513577,60.33851623535156,65300,0.0,0.0
2015-05-01 00:00:00-04:00,60.33849843095684,61.773388296748784,59.927226974791175,61.09707260131836,48800,0.0,0.0
2015-05-04 00:00:00-04:00,61.31642088477337,62.12983641538684,60.76805658342293,61.14277648925781,61100,0.0,0.0
2015-05-05 00:00:00-04:00,60.78631862064488,61.49919266664083,59.342287773570604,60.950828552246094,69300,0.0,0.0
2015-05-06 00:00:00-04:00,61.26159667968751,61.307296617705205,60.35679508415572,61.2615966796875,64500,0.0,0.0
2015-05-07 00:00:00-04:00,61.21590725880312,61.21590725880312,59.80843415491241,60.32024002075195,87700,0.0,0.0
2015-05-08 00:00:00-04:00,60.603552643031335,60.603552643031335,59.43370682399645,59.442848205566406,51100,0.0,0.0
2015-05-11 00:00:00-04:00,59.360594172623735,60.15572708094517,59.360594172623735,59.95465850830078,33500,0.0,0.0
2015-05-12 00:00:00-04:00,59.525105724082586,60.594424345009045,59.30576135410128,60.32938003540039,46200,0.0,0.0
2015-05-13 00:00:00-04:00,60.41162119638401,60.87773400386561,60.009491082537906,60.74978256225586,37400,0.0,0.0
2015-05-14 00:00:00-04:00,60.74977628102929,62.029297537661265,60.219687807551345,61.325557708740234,35900,0.0,0.0
2015-05-15 00:00:00-04:00,61.02393986770932,62.08411655307442,60.68578559306865,61.910465240478516,35500,0.0,0.0
2015-05-18 00:00:00-04:00,62.011020429877945,62.687336180508076,61.51749045850011,62.14811325073242,35100,0.0,0.0
2015-05-19 00:00:00-04:00,62.239510154115216,62.413161536584845,61.33470863465481,61.9013557434082,29900,0.0,0.0
2015-05-20 00:00:00-04:00,61.99273418846421,62.074985683410134,61.15190858914676,61.352970123291016,48100,0.0,0.0
2015-05-21 00:00:00-04:00,61.17933950390423,62.760456804401194,61.17933950390423,61.94704818725586,30300,0.0,0.0
2015-05-22 00:00:00-04:00,61.663736616490944,62.120708126056954,60.82291071236913,61.581478118896484,29900,0.0,0.0
2015-05-26 00:00:00-04:00,61.47178788477304,62.26691357026169,60.92342365995997,62.047569274902344,36000,0.0,0.0
2015-05-27 00:00:00-04:00,62.34919279566543,63.11690157141523,61.57234263749049,62.531978607177734,32300,0.0,0.0
2015-05-28 00:00:00-04:00,62.230359891698114,62.230359891698114,60.95997999862523,61.25244140625,39500,0.0,0.0
2015-05-29 00:00:00-04:00,61.01482482414426,61.883067716979824,60.22883343843128,61.279869079589844,92700,0.0,0.0
2015-06-01 00:00:00-04:00,61.79168554725471,61.79168554725471,58.62944366748183,59.75358963012695,69900,0.0,0.0
2015-06-02 00:00:00-04:00,59.73529686882737,60.96911814898378,59.589062686346516,60.73149108886719,63100,0.0,0.0
2015-06-03 00:00:00-04:00,60.82289352007111,61.85564632955124,60.7497764257283,61.37125778198242,41100,0.0,0.0
2015-06-04 00:00:00-04:00,60.93256720385985,61.19761146304481,60.14657580705769,60.621829986572266,22500,0.0,0.0
2015-06-05 00:00:00-04:00,60.59442154540049,61.407830228796875,59.64392002228789,61.38041305541992,32500,0.0,0.0
2015-06-08 00:00:00-04:00,61.05139164134706,62.1389790066202,60.64925451340969,61.791683197021484,37800,0.0,0.0
2015-06-09 00:00:00-04:00,61.755113793899035,62.093275135062676,61.17019096846956,61.56318664550781,30500,0.0,0.0
2015-06-10 00:00:00-04:00,61.947030148209734,63.16257551571252,61.947030148209734,62.7969970703125,59900,0.0,0.0
2015-06-11 00:00:00-04:00,62.797022793924576,63.18087718106028,62.1846826564226,62.71477127075195,39400,0.0,0.0
2015-06-12 00:00:00-04:00,62.641652252674184,63.43678514999396,62.02017075165945,62.02931213378906,51700,0.0,0.0
2015-06-15 00:00:00-04:00,61.35298102363812,61.35298102363812,59.56165387398781,60.59441375732422,84700,0.0,0.0
2015-06-16 00:00:00-04:00,60.57612832883865,61.45351258966558,60.055181206071715,61.416954040527344,61900,0.0,0.0
2015-06-17 00:00:00-04:00,61.37124750631273,62.24863157303236,60.66750779354584,61.49919891357422,52500,0.0,0.0
2015-06-18 00:00:00-04:00,61.69114120143438,63.10775538111801,61.68199982071571,62.66905975341797,43500,0.0,0.0
2015-06-19 00:00:00-04:00,62.50455730662964,63.47333459479027,62.46799875217417,62.96152877807617,148800,0.0,0.0
2015-06-22 00:00:00-04:00,62.8609866997526,64.08567371720109,62.73303526144416,64.02169799804688,31400,0.0,0.0
2015-06-23 00:00:00-04:00,64.14050852451962,65.44744705922105,63.9942743237665,64.96305847167969,33300,0.0,0.0
2015-06-24 00:00:00-04:00,64.94476347325835,65.52055181419543,63.76577659994572,63.97598648071289,42200,0.0,0.0
2015-06-25 00:00:00-04:00,64.07653199106323,64.66145484098564,63.82976352363416,64.51522064208984,59100,0.0,0.0
2015-06-26 00:00:00-04:00,64.84560631272784,64.84560631272784,62.78992407638576,63.36808776855469,87400,0.29,0.0
2015-06-29 00:00:00-04:00,63.27630660995548,63.87282144199133,62.3127121904462,62.57884979248047,51400,0.0,0.0
2015-06-30 00:00:00-04:00,63.0927562694559,63.927878295023596,62.606369595924455,63.39560317993164,50200,0.0,0.0
2015-07-01 00:00:00-04:00,63.487388610839844,63.84529613757266,62.35859848696298,63.487388610839844,38700,0.0,0.0
2015-07-02 00:00:00-04:00,63.41396696827787,63.615864948751394,62.14752554748196,62.496253967285156,25800,0.0,0.0
2015-07-06 00:00:00-04:00,62.17505698665391,62.670622856701996,61.385823230828585,62.13834762573242,50800,0.0,0.0
2015-07-07 00:00:00-04:00,61.97314545825188,62.53295083716933,60.75258573034377,61.963966369628906,44000,0.0,0.0
2015-07-08 00:00:00-04:00,61.34911215321466,62.13834588695537,60.614945960112614,61.55101013183594,92000,0.0,0.0
2015-07-09 00:00:00-04:00,62.17504892489632,62.37694688298863,60.81683075328958,61.06461715698242,34100,0.0,0.0
2015-07-10 00:00:00-04:00,61.578562125536955,62.688994398106665,61.578562125536955,62.32191467285156,28000,0.0,0.0
2015-07-13 00:00:00-04:00,62.45954470336112,62.45954470336112,61.073803110873506,61.99151611328125,37000,0.0,0.0
2015-07-14 00:00:00-04:00,61.93646038852552,63.074429769765324,61.532671351514004,62.936771392822266,57100,0.0,0.0
2015-07-15 00:00:00-04:00,62.83581635441325,63.37726371641887,62.0374034460236,63.0468864440918,29300,0.0,0.0
2015-07-16 00:00:00-04:00,63.53326577688253,64.87312574178193,63.37724926603752,64.46932983398438,40100,0.0,0.0
2015-07-17 00:00:00-04:00,64.20320752801102,65.68072617665788,64.04719798165584,65.16680908203125,59100,0.0,0.0
2015-07-20 00:00:00-04:00,65.07503761730734,65.6440152437333,64.24909444811387,65.17597961425781,85800,0.0,0.0
2015-07-21 00:00:00-04:00,65.01079743099008,65.47883310690551,64.45099884023108,64.8731460571289,53500,0.0,0.0
2015-07-22 00:00:00-04:00,64.52440730861869,65.31364115294845,64.17567884315027,64.83643341064453,43200,0.0,0.0
2015-07-23 00:00:00-04:00,64.90985706236089,65.4145951163151,64.20321398459059,64.54277038574219,70800,0.0,0.0
2015-07-24 00:00:00-04:00,64.37757883500001,65.1025730632656,64.37757883500001,64.75383758544922,68500,0.0,0.0
2015-07-27 00:00:00-04:00,64.3775810299654,65.11174737360824,64.29498320286798,64.86396789550781,50600,0.0,0.0
2015-07-28 00:00:00-04:00,65.27692181740044,65.86425756510789,64.28579711914062,64.28579711914062,91100,0.0,0.0
2015-07-29 00:00:00-04:00,63.99214367490594,66.11205889850838,63.99214367490594,65.0475082397461,39600,0.0,0.0
2015-07-30 00:00:00-04:00,64.60701814146947,67.91078464268618,61.51432177973443,63.87284469604492,123800,0.0,0.0
2015-07-31 00:00:00-04:00,64.50603835752965,67.36930502740047,63.67091628655309,64.91900634765625,58600,0.0,0.0
2015-08-03 00:00:00-04:00,65.18514532082517,66.54336347590058,64.54274909979918,66.30475616455078,57800,0.0,0.0
2015-08-04 00:00:00-04:00,66.13039524923084,66.87374752581171,64.50604635162483,65.48799896240234,59500,0.0,0.0
2015-08-05 00:00:00-04:00,65.7449666601687,67.01140823177762,65.7449666601687,66.35983276367188,44700,0.0,0.0
2015-08-06 00:00:00-04:00,66.4607678305353,66.85538466527588,64.92818893810326,65.65318298339844,62100,0.0,0.0
2015-08-07 00:00:00-04:00,65.28610031175272,65.68071717004123,64.40509669823297,65.36869812011719,58600,0.0,0.0
2015-08-10 00:00:00-04:00,65.69907167976243,67.03893884911618,65.69907167976243,66.60761260986328,58500,0.0,0.0
2015-08-11 00:00:00-04:00,66.3047598443049,69.61770411430011,66.3047598443049,68.68163299560547,65300,0.0,0.0
2015-08-12 00:00:00-04:00,68.00252265587105,68.94776579712585,65.33198182971574,66.31393432617188,81800,0.0,0.0
2015-08-13 00:00:00-04:00,66.17629451382737,68.18608851357526,65.89180568339567,67.4886245727539,81200,0.0,0.0
2015-08-14 00:00:00-04:00,67.15825789013562,68.36046004248057,66.51586139688182,68.03008270263672,71500,0.0,0.0
2015-08-17 00:00:00-04:00,67.57120209769607,69.74618431330325,66.99304545883075,68.99365997314453,84600,0.0,0.0
2015-08-18 00:00:00-04:00,69.0120227924393,69.74619607811017,68.2044377794776,68.38797760009766,70100,0.0,0.0
2015-08-19 00:00:00-04:00,68.17689687311122,68.90189095419642,67.45190279202602,68.2227783203125,49000,0.0,0.0
2015-08-20 00:00:00-04:00,67.72723413946935,68.00254388704371,66.75445342690507,66.90129089355469,79500,0.0,0.0
2015-08-21 00:00:00-04:00,66.15792113225243,68.68163166569394,66.15792113225243,67.6170883178711,108400,0.0,0.0
2015-08-24 00:00:00-04:00,65.09338955018508,67.818998539216,64.58864455162556,65.55224609375,109100,0.0,0.0
2015-08-25 00:00:00-04:00,67.36932255891054,67.36932255891054,63.43233248891333,63.92789840698242,116600,0.0,0.0
2015-08-26 00:00:00-04:00,65.32281573357663,65.82756071599928,63.61586888595909,64.9373779296875,101700,0.0,0.0
2015-08-27 00:00:00-04:00,65.62566151947166,66.26805784750547,64.66206002582608,65.07503509521484,101800,0.0,0.0
2015-08-28 00:00:00-04:00,64.88231489673433,66.07534475545715,64.32250933242851,65.97439575195312,44500,0.0,0.0
2015-08-31 00:00:00-04:00,65.98356218465265,66.91045422009452,65.14844004344597,65.57058715820312,98500,0.0,0.0
2015-09-01 00:00:00-04:00,64.67122846915166,65.88260920371178,64.40509089089912,65.4145736694336,78400,0.0,0.0
2015-09-02 00:00:00-04:00,65.94687775608136,67.3050895080234,65.59814922552258,67.13990783691406,103800,0.0,0.0
2015-09-03 00:00:00-04:00,67.00222234101517,68.0392354214555,67.00222234101517,67.6170883178711,51700,0.0,0.0
2015-09-04 00:00:00-04:00,66.80951477704178,68.03924693891872,66.69938668727566,67.3968505859375,59000,0.0,0.0
2015-09-08 00:00:00-04:00,67.91995731777467,68.18609499155122,67.15825366540696,67.62628936767578,66300,0.0,0.0
2015-09-09 00:00:00-04:00,68.25030797654706,68.36042903882046,67.17657860822712,67.71803283691406,78000,0.0,0.0
2015-09-10 00:00:00-04:00,67.35094757129306,67.91075298712522,66.58924420200094,67.5161361694336,47000,0.0,0.0
2015-09-11 00:00:00-04:00,67.22246705190337,67.91075169748599,67.09398781152208,67.71803283691406,47200,0.0,0.0
2015-09-14 00:00:00-04:00,67.85569116634929,67.95664014116223,67.27752758304005,67.71803283691406,28800,0.0,0.0
2015-09-15 00:00:00-04:00,67.607932659092,68.13102892543102,67.34179497950247,68.0576171875,75600,0.0,0.0
2015-09-16 00:00:00-04:00,67.95665767930072,69.20474805218973,67.75475967756937,67.82817840576172,68700,0.0,0.0
2015-09-17 00:00:00-04:00,67.90158959454709,68.55316504850414,67.1765954129792,68.08513641357422,85100,0.0,0.0
2015-09-18 00:00:00-04:00,67.36932572963676,68.31456915426547,66.96552970296207,67.28672790527344,115100,0.0,0.0
2015-09-21 00:00:00-04:00,67.78229142409903,67.91077070043167,66.69021057367614,67.56204223632812,39500,0.0,0.0
2015-09-22 00:00:00-04:00,67.25001411436388,67.25001411436388,66.3414801157184,66.62596893310547,64600,0.0,0.0
2015-09-23 00:00:00-04:00,66.94716653576091,67.39685098711966,66.37818890590358,67.20413208007812,26000,0.0,0.0
2015-09-24 00:00:00-04:00,66.94717018400185,67.690522582065,66.61679289632833,67.4886245727539,61200,0.0,0.0
2015-09-25 00:00:00-04:00,67.76393783261909,68.78260002227897,67.31426033498417,67.83735656738281,78800,0.0,0.0
2015-09-28 00:00:00-04:00,67.61613125644205,68.07698274699466,66.39948360266457,66.81424713134766,79400,0.32,0.0
2015-09-29 00:00:00-04:00,66.69443917420269,67.19215970917874,66.0123808256963,66.80504608154297,87100,0.0,0.0
2015-09-30 00:00:00-04:00,67.45945924231388,68.88809497851841,66.66679393028822,68.14151763916016,116500,0.0,0.0
2015-10-01 00:00:00-04:00,67.77281848075943,69.35814871947308,67.58848069897043,67.80046844482422,58500,0.0,0.0
2015-10-02 00:00:00-04:00,67.16452652872691,67.51477127479605,65.80962146129424,67.33964538574219,71900,0.0,0.0
2015-10-05 00:00:00-04:00,67.88342548382987,69.60700554578165,67.88342548382987,69.59779357910156,60400,0.0,0.0
2015-10-06 00:00:00-04:00,69.5056394866493,70.71306839016702,69.28442566258661,69.67153930664062,57700,0.0,0.0
2015-10-07 00:00:00-04:00,69.98491289605886,71.12782270955051,69.58858030311728,71.05408477783203,76100,0.0,0.0
2015-10-08 00:00:00-04:00,71.5702392375724,72.07717166750919,70.35359156087395,71.70849609375,52600,0.0,0.0
2015-10-09 00:00:00-04:00,72.03109559643539,72.27074036117531,71.38589923475655,71.93892669677734,34500,0.0,0.0
2015-10-12 00:00:00-04:00,72.28919418619525,73.90217505236379,72.16937528195659,73.4136734008789,56600,0.0,0.0
2015-10-13 00:00:00-04:00,73.32150047937799,73.99433995182747,70.96193524471461,72.41822814941406,28200,0.0,0.0
2015-10-14 00:00:00-04:00,72.45508390435279,73.23853016160807,71.77302555436974,72.0679702758789,43900,0.0,0.0
2015-10-15 00:00:00-04:00,72.39978006113532,73.10026934191022,72.11404732331003,72.84219360351562,76100,0.0,0.0
2015-10-16 00:00:00-04:00,72.81454752923692,72.93436640503025,72.35369596259618,72.87906646728516,38600,0.0,0.0
2015-10-19 00:00:00-04:00,72.87906464252633,73.71781784818931,72.69472683330027,73.59799194335938,58800,0.0,0.0
2015-10-20 00:00:00-04:00,73.73623409876703,74.54733014232076,73.61641524988922,74.33534240722656,65000,0.0,0.0
2015-10-21 00:00:00-04:00,74.47362166188545,74.65795948978602,72.81455308263081,73.22931671142578,78700,0.0,0.0
2015-10-22 00:00:00-04:00,73.71781749380008,75.44139780109167,73.45973471727295,75.0266342163086,102300,0.0,0.0
2015-10-23 00:00:00-04:00,75.85616903673338,77.07281686499715,75.85616903673338,76.94377899169922,39200,0.0,0.0
2015-10-26 00:00:00-04:00,77.22028739562764,77.23872539623734,75.74556378850903,76.15111541748047,49000,0.0,0.0
2015-10-27 00:00:00-04:00,76.10502893700865,76.75021833023484,75.27549469426287,76.09580993652344,67100,0.0,0.0
2015-10-28 00:00:00-04:00,76.5658706891703,76.86081537852259,75.01740931206173,75.34000396728516,80300,0.0,0.0
2015-10-29 00:00:00-04:00,74.5197054137134,74.63031233384825,69.26599976796706,70.34439086914062,123100,0.0,0.0
2015-10-30 00:00:00-04:00,70.64854877644264,71.87441566963899,70.06787128385643,70.43655395507812,130200,0.0,0.0
2015-11-02 00:00:00-05:00,70.98037031634114,72.19701834331217,70.17848594527742,71.98502349853516,82000,0.0,0.0
2015-11-03 00:00:00-05:00,71.98501329538736,72.58412173836537,70.3628138120104,71.77302551269531,172200,0.0,0.0
2015-11-04 00:00:00-05:00,71.85597614906297,72.44586559772962,70.399683496151,70.49185943603516,63600,0.0,0.0
2015-11-05 00:00:00-05:00,70.79601118340106,71.81910216272422,70.5287164468896,71.29373168945312,74000,0.0,0.0
2015-11-06 00:00:00-05:00,71.35826499785081,72.04954244572158,70.51029968281841,71.98502349853516,74300,0.0,0.0
2015-11-09 00:00:00-05:00,71.97580038484935,72.67629679430866,70.5102956544678,70.69463348388672,93400,0.0,0.0
2015-11-10 00:00:00-05:00,70.7775680888354,72.03108462292039,70.69461116935577,71.43197631835938,31600,0.0,0.0
2015-11-11 00:00:00-05:00,71.579463876356,72.28917214700058,71.10939334112908,71.54259490966797,53400,0.0,0.0
2015-11-12 00:00:00-05:00,71.284510973204,72.08639516342939,70.78679751117306,70.98035430908203,37900,0.0,0.0
2015-11-13 00:00:00-05:00,70.7130659816222,71.06331064306949,70.33516431908126,70.93427276611328,56300,0.0,0.0
2015-11-16 00:00:00-05:00,71.09096634860308,72.19701442438155,70.92505948883817,71.65320587158203,44900,0.0,0.0
2015-11-17 00:00:00-05:00,71.89283839925525,72.64863462422238,71.33059897228793,71.79145050048828,51900,0.0,0.0
2015-11-18 00:00:00-05:00,71.65318666826599,73.727018343514,71.57023677663314,73.33990478515625,51800,0.0,0.0
2015-11-19 00:00:00-05:00,73.68095857068192,73.75468948484766,72.07718988492849,72.36292266845703,103800,0.0,0.0
2015-11-20 00:00:00-05:00,72.79610572725355,74.56577379210565,71.809883802692,73.65328979492188,46400,0.0,0.0
2015-11-23 00:00:00-05:00,73.7086001697181,74.15101373260785,72.81454701166419,73.4228744506836,60100,0.0,0.0
2015-11-24 00:00:00-05:00,73.68095439950008,73.88373022406104,72.39056854214259,73.35835266113281,41400,0.0,0.0
2015-11-25 00:00:00-05:00,73.30304503901714,73.3214830386108,72.37212295655787,73.06340026855469,56100,0.0,0.0
2015-11-27 00:00:00-05:00,73.45052008800647,73.78233375662525,72.83297368516597,73.45973205566406,24200,0.0,0.0
2015-11-30 00:00:00-05:00,73.83763059539828,74.59342680178285,72.4735070113686,72.5103759765625,227300,0.0,0.0
2015-12-01 00:00:00-05:00,73.02654510665799,73.73625345203752,71.33060762060182,72.05875396728516,97700,0.0,0.0
2015-12-02 00:00:00-05:00,72.25232295274887,73.05420737557391,71.68086436075465,71.84677124023438,57300,0.0,0.0
2015-12-03 00:00:00-05:00,72.30760311432641,72.92514951630547,71.20156224183097,71.54259490966797,58800,0.0,0.0
2015-12-04 00:00:00-05:00,71.89285560381771,74.13259484814124,71.89285560381771,73.43209838867188,62200,0.0,0.0
2015-12-07 00:00:00-05:00,73.40445040117116,73.40445040117116,71.72695067298513,72.41822814941406,52400,0.0,0.0
2015-12-08 00:00:00-05:00,72.19701656962782,74.39066775211205,71.80068389463722,73.0726318359375,104400,0.0,0.0
2015-12-09 00:00:00-05:00,73.12792790250722,73.13714690340076,71.30295951967406,71.33982849121094,83700,0.0,0.0
2015-12-10 00:00:00-05:00,71.69008083098309,72.15093247636821,71.21079821387931,71.63478088378906,63600,0.0,0.0
2015-12-11 00:00:00-05:00,70.97115297086263,71.87442528458851,69.89276181470878,70.52873229980469,85800,0.0,0.0
2015-12-14 00:00:00-05:00,70.3812515290224,70.95271000082812,69.9849189020681,70.814453125,74600,0.0,0.0
2015-12-15 00:00:00-05:00,71.34905012487246,71.34905012487246,69.6162435588853,69.85588836669922,96000,0.0,0.0
2015-12-16 00:00:00-05:00,69.9019620060599,71.31217370191597,69.48719841036136,71.1093978881836,59600,0.0,0.0
2015-12-17 00:00:00-05:00,71.13701884816618,71.76377700228353,70.31670395951708,70.61164855957031,41000,0.0,0.0
2015-12-18 00:00:00-05:00,70.37203200488045,71.33060409623945,68.96182735241274,70.29829406738281,257200,0.0,0.0
2015-12-21 00:00:00-05:00,70.15082281213647,71.45042051366823,70.15082281213647,70.97113800048828,89100,0.0,0.0
2015-12-22 00:00:00-05:00,70.96190563971824,71.06329352319229,70.15080960396106,70.84208679199219,56000,0.0,0.0
2015-12-23 00:00:00-05:00,70.97114298782189,72.6762924194336,70.76836716844505,72.6762924194336,35100,0.0,0.0
2015-12-24 00:00:00-05:00,72.5564819036087,73.18324040299703,72.15093021811101,72.20623016357422,19000,0.0,0.0
2015-12-28 00:00:00-05:00,72.18781056511394,73.14638295237346,71.89286575611399,73.12794494628906,20900,0.0,0.0
2015-12-29 00:00:00-05:00,73.48884654306556,74.45129338207636,73.22971863662502,74.10888671875,32300,0.32,0.0
2015-12-30 00:00:00-05:00,73.95156597767242,74.01634619057415,72.94283745047258,73.44257354736328,46600,0.0,0.0
2015-12-31 00:00:00-05:00,73.36853854107086,73.59989745779247,72.30428611204876,72.39683532714844,38100,0.0,0.0
2016-01-04 00:00:00-05:00,71.39735863519202,71.87858204517023,68.65807008024565,68.7413558959961,91900,0.0,0.0
2016-01-05 00:00:00-05:00,69.14855097521102,70.86986180119615,68.36193210668337,70.29608917236328,65500,0.0,0.0
2016-01-06 00:00:00-05:00,69.87966057081405,72.24877400473899,69.26886954209061,72.20249938964844,65700,0.0,0.0
2016-01-07 00:00:00-05:00,71.36033016743208,74.13663659730854,70.06471908805393,73.05387878417969,146700,0.0,0.0
2016-01-08 00:00:00-05:00,73.43331560428582,76.43172505939118,73.12792015279462,74.10888671875,161700,0.0,0.0
2016-01-11 00:00:00-05:00,74.15512841891689,75.21012410136414,73.76644728549128,74.60859680175781,84800,0.0,0.0
2016-01-12 00:00:00-05:00,75.36749645175625,75.76543414211802,72.57267628395546,72.82254791259766,59000,0.0,0.0
2016-01-13 00:00:00-05:00,72.91506978945179,73.36853124418312,70.21279960542188,70.3145980834961,62100,0.0,0.0
2016-01-14 00:00:00-05:00,70.76807261661456,72.33206128650507,70.74031067392066,70.98091888427734,73800,0.0,0.0
2016-01-15 00:00:00-05:00,69.42617734924173,70.7125393612252,68.76911890399913,70.15727233886719,74300,0.0,0.0
2016-01-19 00:00:00-05:00,70.88835951567013,71.66572902498699,70.14801533497752,70.8513412475586,72100,0.0,0.0
2016-01-20 00:00:00-05:00,70.0277256873896,70.79583910025582,67.6493559503637,69.7500991821289,85600,0.0,0.0
2016-01-21 00:00:00-05:00,69.81486997307731,70.10175277457249,68.68583731356038,68.78763580322266,55600,0.0,0.0
2016-01-22 00:00:00-05:00,69.43543287139042,71.05494519315342,68.63030840729968,70.37012481689453,73800,0.0,0.0
2016-01-25 00:00:00-05:00,69.92591119674536,71.47139400412908,68.30639890785982,70.34236145019531,61100,0.0,0.0
2016-01-26 00:00:00-05:00,70.67551472630382,71.87857669190622,70.25906449702723,70.87910461425781,72400,0.0,0.0
2016-01-27 00:00:00-05:00,70.60148605618546,71.27705012173044,69.36139862302015,70.3238525390625,53800,0.0,0.0
2016-01-28 00:00:00-05:00,70.79581568339168,71.36958823463637,70.24981212795142,70.30533599853516,51900,0.0,0.0
2016-01-29 00:00:00-05:00,70.42563820002422,72.13769241581183,70.23129759763331,71.24927520751953,140700,0.0,0.0
2016-02-01 00:00:00-05:00,70.712535263873,71.24003325613708,70.2035428763756,70.59222412109375,77300,0.0,0.0
2016-02-02 00:00:00-05:00,69.99994778294531,70.94389604295043,69.09302485448437,70.58296966552734,61700,0.0,0.0
2016-02-03 00:00:00-05:00,70.86986563514625,71.65648454622877,69.19482226344932,70.17578887939453,90300,0.0,0.0
2016-02-04 00:00:00-05:00,70.25906523952996,71.30481192943157,69.888889607543,70.42564392089844,43500,0.0,0.0
2016-02-05 00:00:00-05:00,70.13875759953613,71.32331391335474,68.3804287322374,69.05599975585938,75800,0.0,0.0
2016-02-08 00:00:00-05:00,68.45447484305323,69.63903132257906,66.17790403511826,69.32438659667969,96400,0.0,0.0
2016-02-09 00:00:00-05:00,68.49149325912488,69.87964671032434,67.23290023186296,68.73210144042969,56800,0.0,0.0
2016-02-10 00:00:00-05:00,68.9264409334617,69.83336379308558,68.29714449472745,69.46318817138672,65500,0.0,0.0
2016-02-11 00:00:00-05:00,68.6302991315546,71.56392793195816,68.0842885225466,71.31405639648438,63300,0.0,0.0
2016-02-12 00:00:00-05:00,71.28630592148535,71.65648158804045,69.97218901270266,70.22205352783203,74600,0.0,0.0
2016-02-16 00:00:00-05:00,70.92537996500388,70.92537996500388,68.53775455222662,70.42564392089844,36100,0.0,0.0
2016-02-17 00:00:00-05:00,70.7125289781113,72.24874821565999,70.67551071135546,71.31405639648438,33600,0.0,0.0
2016-02-18 00:00:00-05:00,71.31406666647868,72.49862313120451,70.94389806663696,71.82305908203125,49200,0.0,0.0
2016-02-19 00:00:00-05:00,71.84156547680742,72.26726501971136,70.2220531229167,71.36959838867188,157400,0.0,0.0
2016-02-22 00:00:00-05:00,72.09144501421792,72.33206028174666,71.29556971898116,72.16548156738281,58700,0.0,0.0
2016-02-23 00:00:00-05:00,71.94337043643122,73.20196357243508,71.84157194304015,72.23950958251953,69900,0.0,0.0
2016-02-24 00:00:00-05:00,71.86934445973183,72.90582799146824,70.14803338251012,72.81328582763672,72100,0.0,0.0
2016-02-25 00:00:00-05:00,70.95314392175679,70.95314392175679,67.26991428293782,67.6771011352539,93700,0.0,0.0
2016-02-26 00:00:00-05:00,67.52903908392904,67.52903908392904,65.03961497864276,65.65040588378906,125900,0.0,0.0
2016-02-29 00:00:00-05:00,65.23395038865644,67.399473261932,64.98408589507343,66.57583618164062,137200,0.0,0.0
2016-03-01 00:00:00-05:00,66.71466026069089,68.68584293969124,65.71519501020643,68.5192642211914,127800,0.0,0.0
2016-03-02 00:00:00-05:00,68.58405441625449,68.58405441625449,66.36300686674224,68.09357452392578,101500,0.0,0.0
2016-03-03 00:00:00-05:00,67.96400219421754,69.08377857899794,66.6498780931029,66.76093292236328,114300,0.0,0.0
2016-03-04 00:00:00-05:00,66.6221169128356,68.74136560365329,66.6221169128356,67.65860748291016,53600,0.0,0.0
2016-03-07 00:00:00-05:00,67.4642558380718,68.42670969772031,66.9737761056721,67.50127410888672,86800,0.0,0.0
2016-03-08 00:00:00-05:00,66.97379794357721,68.66734025735988,66.91826698899142,68.09357452392578,71800,0.0,0.0
2016-03-09 00:00:00-05:00,68.28790406822071,68.90794431919181,67.04781650576415,67.65860748291016,76100,0.0,0.0
2016-03-10 00:00:00-05:00,67.77891398205914,68.68584414548272,66.37225471487774,67.75115203857422,76700,0.0,0.0
2016-03-11 00:00:00-05:00,68.1120577726983,68.61179383680488,67.41798108263578,68.19535064697266,52900,0.0,0.0
2016-03-14 00:00:00-04:00,67.85295175685087,68.0935670388988,66.8904976891739,66.98303985595703,61300,0.0,0.0
2016-03-15 00:00:00-04:00,66.92750567280993,67.94548347186253,66.55733000210526,67.44574737548828,97900,0.0,0.0
2016-03-16 00:00:00-04:00,67.14963008784372,68.50076572386357,66.9923076713005,67.38098907470703,56200,0.0,0.0
2016-03-17 00:00:00-04:00,67.09408939376446,68.3434261979593,66.1964156197794,68.18610382080078,65500,0.0,0.0
2016-03-18 00:00:00-04:00,68.57478287222631,69.01899510781976,66.49255258019203,67.26066589355469,225500,0.0,0.0
2016-03-21 00:00:00-04:00,67.11257934570312,67.96398537159534,65.6596458932897,67.11257934570312,140200,0.0,0.0
2016-03-22 00:00:00-04:00,66.760924843294,68.01026151409931,66.2611887628692,66.79794311523438,66200,0.0,0.0
2016-03-23 00:00:00-04:00,66.58510461826438,67.60308967163424,66.18716693208754,66.97379302978516,89800,0.0,0.0
2016-03-24 00:00:00-04:00,66.66840372826353,67.5938396372169,66.20568577378683,67.46427917480469,126800,0.0,0.0
2016-03-28 00:00:00-04:00,67.89922004016042,68.91719790089681,67.67711038797081,68.12132263183594,99400,0.0,0.0
2016-03-29 00:00:00-04:00,68.1120292947645,70.16617128289907,68.1120292947645,70.11040496826172,64300,0.32,0.0
2016-03-30 00:00:00-04:00,69.99886932694339,71.56968679996444,69.45048162413875,70.76103973388672,116500,0.0,0.0
2016-03-31 00:00:00-04:00,70.52866255564192,71.27224646870498,69.77578898488834,70.48219299316406,104100,0.0,0.0
2016-04-01 00:00:00-04:00,70.14758133984735,72.31326293945312,69.52483388664145,72.31326293945312,119100,0.0,0.0
2016-04-04 00:00:00-04:00,72.22027756646776,72.31323083336493,70.8911266910987,70.92830657958984,83900,0.0,0.0
2016-04-05 00:00:00-04:00,70.7145587272844,71.0119908601412,69.24598446884204,69.51553344726562,141100,0.0,0.0
2016-04-06 00:00:00-04:00,69.05079920521065,69.5248341314334,68.1027293527652,69.14374542236328,124700,0.0,0.0
2016-04-07 00:00:00-04:00,68.9206713965495,69.01361761142788,67.84247544820374,68.22356414794922,115600,0.0,0.0
2016-04-08 00:00:00-04:00,68.62322170868228,70.10108529401361,67.99117768123081,68.40943908691406,58000,0.0,0.0
2016-04-11 00:00:00-04:00,68.5209990018137,69.65496130569026,66.74569573461704,66.99665832519531,107400,0.0,0.0
2016-04-12 00:00:00-04:00,66.82934884124009,67.67516860513197,64.79379343075476,66.54120635986328,65500,0.0,0.0
2016-04-13 00:00:00-04:00,66.69920414911574,68.00976170814359,65.96491720967677,66.68061065673828,88400,0.0,0.0
2016-04-14 00:00:00-04:00,66.80144871687189,67.36842969547772,66.1322248017083,66.72708892822266,56000,0.0,0.0
2016-04-15 00:00:00-04:00,66.82004288130535,67.61939297380118,66.16011563588961,67.38702392578125,91500,0.0,0.0
2016-04-18 00:00:00-04:00,66.92229442648042,67.67516796954905,66.81075471622002,67.2197265625,69900,0.0,0.0
2016-04-19 00:00:00-04:00,67.02454518079843,67.68447258771529,66.5412134714826,67.58222961425781,47900,0.0,0.0
2016-04-20 00:00:00-04:00,67.30338639434605,67.96331375666021,66.62486553374593,66.86653137207031,63500,0.0,0.0
2016-04-21 00:00:00-04:00,66.92228471428166,67.11747386040413,65.93704223632812,65.93704223632812,92800,0.0,0.0
2016-04-22 00:00:00-04:00,65.88127326034375,66.76427994210323,65.88127326034375,66.73639678955078,76000,0.0,0.0
2016-04-25 00:00:00-04:00,66.51332068074507,67.1639583350046,66.32742826029451,66.59697723388672,57500,0.0,0.0
2016-04-26 00:00:00-04:00,66.745697379772,67.80529989838388,66.4389755601101,67.25691223144531,78700,0.0,0.0
2016-04-27 00:00:00-04:00,67.44279828313176,67.93541958915594,66.18800669222574,67.45209503173828,71100,0.0,0.0
2016-04-28 00:00:00-04:00,67.39634488934907,68.39088448856718,66.45757161246406,66.92230987548828,79100,0.0,0.0
2016-04-29 00:00:00-04:00,67.1546568162499,67.85176398043242,65.99281154261234,66.83863830566406,83700,0.0,0.0
2016-05-02 00:00:00-04:00,66.7921706073552,68.71618635463528,65.23065006671182,68.56746673583984,88200,0.0,0.0
2016-05-03 00:00:00-04:00,68.40947173762233,68.846326844836,66.91301394502975,67.861083984375,89200,0.0,0.0
2016-05-04 00:00:00-04:00,67.62868363138938,69.01360104730215,65.29569661377745,68.68828582763672,74700,0.0,0.0
2016-05-05 00:00:00-04:00,68.66971215671452,68.90208125088614,67.93542496817116,68.08414459228516,67800,0.0,0.0
2016-05-06 00:00:00-04:00,67.8517742572491,67.89825091177026,67.201143642004,67.88895416259766,57200,0.0,0.0
2016-05-09 00:00:00-04:00,67.58223767213339,69.01363237986207,67.58223767213339,68.66972351074219,48800,0.0,0.0
2016-05-10 00:00:00-04:00,68.75335584999927,69.72001195179156,67.67516005099763,69.43186950683594,50100,0.0,0.0
2016-05-11 00:00:00-04:00,69.17163603834186,69.80368031102243,68.46523903872554,68.78125762939453,64700,0.0,0.0
2016-05-12 00:00:00-04:00,68.67901561460691,69.32035664639606,68.19569097170938,69.06010437011719,40800,0.0,0.0
2016-05-13 00:00:00-04:00,68.78123367625238,69.27385489094085,68.34437876018069,68.50238800048828,50900,0.0,0.0
2016-05-16 00:00:00-04:00,68.7254877699993,69.56201086282617,68.18638975227455,69.21810913085938,49300,0.0,0.0
2016-05-17 00:00:00-04:00,68.14919635485427,68.97642962563037,66.86652172059648,67.20113372802734,82700,0.0,0.0
2016-05-18 00:00:00-04:00,67.01524498235612,67.84247838587478,66.46685732688863,66.91300201416016,49700,0.0,0.0
2016-05-19 00:00:00-04:00,66.8386488381225,67.58222567561916,65.58385007178968,65.97423553466797,46400,0.0,0.0
2016-05-20 00:00:00-04:00,66.16012817550427,67.2847937301226,66.16012817550427,66.99665832519531,50700,0.0,0.0
2016-05-23 00:00:00-04:00,66.61556032140817,67.66587300952958,66.17870535463281,66.29024505615234,37800,0.0,0.0
2016-05-24 00:00:00-04:00,66.04858505578628,67.74023167519381,66.04858505578628,67.64728546142578,47900,0.0,0.0
2016-05-25 00:00:00-04:00,67.55433860193973,67.66587831220014,66.81075471622002,67.2197265625,32700,0.0,0.0
2016-05-26 00:00:00-04:00,67.51716302440472,68.25145020848048,66.75499268381276,68.01908111572266,21100,0.0,0.0
2016-05-27 00:00:00-04:00,68.26072604825956,68.9764195145332,67.85175430105188,68.64180755615234,36300,0.0,0.0
2016-05-31 00:00:00-04:00,68.64183001338357,69.57130640379185,68.19568531713915,69.2366943359375,72600,0.0,0.0
2016-06-01 00:00:00-04:00,68.8463094863764,68.95784919563036,66.86652751367319,67.45209503173828,59600,0.0,0.0
2016-06-02 00:00:00-04:00,66.94088393870915,68.19568269050399,66.84793772151667,68.03766632080078,44800,0.0,0.0
2016-06-03 00:00:00-04:00,67.7402333109768,68.79983577447078,67.7402333109768,68.35369110107422,38400,0.0,0.0
2016-06-06 00:00:00-04:00,68.62323682847267,69.03220157774996,67.61940072404938,68.7068862915039,24700,0.0,0.0
2016-06-07 00:00:00-04:00,68.79982997572586,69.75719648485438,68.58605440604927,68.76265716552734,47300,0.0,0.0
2016-06-08 00:00:00-04:00,68.8927856202305,69.84084832206801,68.24214795815175,69.00431823730469,81300,0.0,0.0
2016-06-09 00:00:00-04:00,68.87419638426859,69.24598834398115,68.28862883437704,68.92996978759766,54300,0.0,0.0
2016-06-10 00:00:00-04:00,68.64183994092903,69.27388426147178,67.87037272339214,68.39088439941406,58700,0.0,0.0
2016-06-13 00:00:00-04:00,68.1399175615477,69.61778883233517,67.97261151374805,69.06010437011719,43600,0.0,0.0
2016-06-14 00:00:00-04:00,69.00431278374016,70.61230976910949,69.00431278374016,70.22193145751953,59500,0.0,0.0
2016-06-15 00:00:00-04:00,70.454312808941,71.09564669238196,69.10656779608847,69.171630859375,33800,0.0,0.0
2016-06-16 00:00:00-04:00,68.98571110654477,71.11421203613281,68.54885624400261,71.11421203613281,85300,0.0,0.0
2016-06-17 00:00:00-04:00,71.02127654131507,71.02127654131507,68.31649752132145,68.91136169433594,183100,0.0,0.0
2016-06-20 00:00:00-04:00,69.0879679208279,70.6959577820289,68.78123907169453,70.32417297363281,72600,0.0,0.0
2016-06-21 00:00:00-04:00,70.64018764895887,71.59754695221848,70.17544957232099,71.42094421386719,77400,0.0,0.0
2016-06-22 00:00:00-04:00,72.13665186070108,73.3542634710538,70.35205917422817,71.43954467773438,90100,0.0,0.0
2016-06-23 00:00:00-04:00,71.96934128683272,73.99559965374773,71.96934128683272,73.51226806640625,88600,0.0,0.0
2016-06-24 00:00:00-04:00,71.84853092186745,73.22415206800275,71.56038840626881,72.62928771972656,136500,0.0,0.0
2016-06-27 00:00:00-04:00,72.08088822151825,72.78728508728817,70.64019715356045,70.87256622314453,131100,0.0,0.0
2016-06-28 00:00:00-04:00,71.51661414262826,71.57261547509545,70.38720883676608,70.91924285888672,75800,0.32,0.0
2016-06-29 00:00:00-04:00,71.46993676170813,71.83395964046443,71.2179236615026,71.60994720458984,101100,0.0,0.0
2016-06-30 00:00:00-04:00,71.5726101869622,72.66467881674976,71.4606004090762,72.6273422241211,226900,0.0,0.0
2016-07-01 00:00:00-04:00,72.51534198758276,73.27138843017146,71.44193805767239,73.25272369384766,89300,0.0,0.0
2016-07-05 00:00:00-04:00,72.69269810378388,76.59428401767568,72.69269810378388,75.69822692871094,133800,0.0,0.0
2016-07-06 00:00:00-04:00,75.11951469189238,75.66087752906314,74.09277610829993,74.69014739990234,76300,0.0,0.0
2016-07-07 00:00:00-04:00,74.41948116331781,75.52088598943591,74.2514700162412,74.64349365234375,50800,0.0,0.0
2016-07-08 00:00:00-04:00,74.66216518285069,75.85690806128494,74.41015199993035,75.07286071777344,80000,0.0,0.0
2016-07-11 00:00:00-04:00,75.1008420198212,76.23024732831126,74.9141661636779,76.04357147216797,95600,0.0,0.0
2016-07-12 00:00:00-04:00,76.30489516741899,77.09827797427252,75.39950261135758,76.34223175048828,44900,0.0,0.0
2016-07-13 00:00:00-04:00,76.7809439324434,77.72366614965195,76.14623612853065,76.40758514404297,45100,0.0,0.0
2016-07-14 00:00:00-04:00,76.68759253968065,77.49030418002876,76.24889657449222,76.32356262207031,49200,0.0,0.0
2016-07-15 00:00:00-04:00,76.75295857038712,76.75295857038712,75.7355558472053,76.00624084472656,46100,0.0,0.0
2016-07-18 00:00:00-04:00,76.04356815910212,76.04356815910212,75.19417667183329,75.66087341308594,91500,0.0,0.0
2016-07-19 00:00:00-04:00,75.66086399028868,76.10889593943328,75.18483850077868,75.22216796875,32800,0.0,0.0
2016-07-20 00:00:00-04:00,75.48351019038671,75.90353427935236,75.03547832376175,75.2874984741211,53200,0.0,0.0
2016-07-21 00:00:00-04:00,75.24084611507192,75.58620425310619,72.82335339128569,73.45806121826172,140800,0.0,0.0
2016-07-22 00:00:00-04:00,73.57008543028402,77.47167107784892,73.57008543028402,76.10891723632812,222200,0.0,0.0
2016-07-25 00:00:00-04:00,75.76355311681269,75.90356357424642,74.62481184081891,75.12884521484375,58300,0.0,0.0
2016-07-26 00:00:00-04:00,74.88617301382784,75.39019930025019,73.5327479966474,74.53147888183594,49600,0.0,0.0
2016-07-27 00:00:00-04:00,74.94216560612149,75.60487414220341,72.95403999787577,73.26205444335938,101900,0.0,0.0
2016-07-28 00:00:00-04:00,72.26333524202495,74.58749057608145,68.65110634571252,68.89378356933594,127800,0.0,0.0
2016-07-29 00:00:00-04:00,68.87509759023085,70.00450271278326,67.81102971869464,68.62307739257812,126200,0.0,0.0
2016-08-01 00:00:00-04:00,68.25905241119384,68.42706349729367,67.3723315864162,67.59634399414062,82500,0.0,0.0
2016-08-02 00:00:00-04:00,67.6430323542005,67.6430323542005,65.46822365282637,65.56156158447266,90000,0.0,0.0
2016-08-03 00:00:00-04:00,65.76690741391927,66.037592392762,65.31888250642115,65.9535903930664,96600,0.0,0.0
2016-08-04 00:00:00-04:00,65.9629075261483,69.21111957612354,65.22552591179017,65.69222259521484,67800,0.0,0.0
2016-08-05 00:00:00-04:00,66.00959054332263,66.91498339258622,63.75077994532584,63.88145446777344,76900,0.0,0.0
2016-08-08 00:00:00-04:00,64.11478747393579,64.13345220642708,62.13599113225256,62.8173713684082,102000,0.0,0.0
2016-08-09 00:00:00-04:00,63.15339209595319,63.15339209595319,62.11732499607012,62.51868438720703,77600,0.0,0.0
2016-08-10 00:00:00-04:00,62.42535180066736,62.49068905776657,60.847921701778674,61.211944580078125,149200,0.0,0.0
2016-08-11 00:00:00-04:00,61.56663411663631,61.56663411663631,60.31589025069278,60.698577880859375,106800,0.0,0.0
2016-08-12 00:00:00-04:00,60.41856253853543,61.55729659184048,60.073204390467275,60.75457763671875,78400,0.0,0.0
2016-08-15 00:00:00-04:00,60.558570981716265,60.670580771397724,59.50383883348623,59.70918655395508,70900,0.0,0.0
2016-08-16 00:00:00-04:00,59.66250453250834,60.007862654807475,58.64510914275985,59.17714309692383,74800,0.0,0.0
2016-08-17 00:00:00-04:00,58.90646208828623,59.41982778141189,58.523770910434735,59.31715393066406,87400,0.0,0.0
2016-08-18 00:00:00-04:00,59.19581373101069,60.01720456401857,59.027806177711525,59.98919677734375,94500,0.0,0.0
2016-08-19 00:00:00-04:00,59.96119668298418,60.418564627075035,58.7477858403123,59.72785186767578,132300,0.0,0.0
2016-08-22 00:00:00-04:00,59.2518212518226,60.39989487409665,59.0558094637642,59.95186996459961,92300,0.0,0.0
2016-08-23 00:00:00-04:00,60.259883363666354,60.81992517256705,60.259883363666354,60.642578125,99700,0.0,0.0
2016-08-24 00:00:00-04:00,60.642576847184465,60.95059841134397,60.48390166124555,60.7452507019043,61300,0.0,0.0
2016-08-25 00:00:00-04:00,60.73590618196297,61.23993945532184,60.35321860405099,61.1279296875,63100,0.0,0.0
2016-08-26 00:00:00-04:00,61.137278600839466,61.921325778447155,60.36256023161202,60.67058181762695,37500,0.0,0.0
2016-08-29 00:00:00-04:00,60.95060265528129,61.36129098152922,60.31589474610419,61.286624908447266,64900,0.0,0.0
2016-08-30 00:00:00-04:00,61.17460848099184,61.743979063691704,60.67057515591851,60.82925033569336,51200,0.0,0.0
2016-08-31 00:00:00-04:00,60.670568528874234,61.818645497452465,60.49322151130514,60.987918853759766,110600,0.0,0.0
2016-09-01 00:00:00-04:00,60.9599309657696,61.081276685838766,60.48390537869546,60.65191650390625,97100,0.0,0.0
2016-09-02 00:00:00-04:00,61.00659912825539,61.39862268529602,60.5025657886772,60.95992660522461,71500,0.0,0.0
2016-09-06 00:00:00-04:00,61.20260914551364,61.20260914551364,60.418562053995345,60.82925033569336,55000,0.0,0.0
2016-09-07 00:00:00-04:00,60.810595216581866,61.81866202614819,60.6332481515948,61.71598815917969,85800,0.0,0.0
2016-09-08 00:00:00-04:00,61.7813146418099,62.02399181116327,61.21194406846406,61.827980041503906,49200,0.0,0.0
2016-09-09 00:00:00-04:00,61.47329619131962,61.71598049412479,60.67057721538709,60.698577880859375,67600,0.0,0.0
2016-09-12 00:00:00-04:00,60.3905602515361,62.71471533429249,60.19454845923635,62.61204147338867,121600,0.0,0.0
2016-09-13 00:00:00-04:00,62.16400277227051,62.350685736287495,60.67057466626927,61.211944580078125,94800,0.0,0.0
2016-09-14 00:00:00-04:00,61.00660626499056,61.62264233794484,60.726585336502595,61.03460693359375,62600,0.0,0.0
2016-09-15 00:00:00-04:00,61.07192924629245,61.75330954823748,60.83858090087963,61.193267822265625,74200,0.0,0.0
2016-09-16 00:00:00-04:00,61.29594402350227,61.56662896914819,60.67057214281686,61.10926818847656,316700,0.0,0.0
2016-09-19 00:00:00-04:00,61.59462745021297,63.274738390830834,60.93191900175436,63.060054779052734,84800,0.0,0.0
2016-09-20 00:00:00-04:00,63.3867581527326,63.592098747865116,62.5653672872925,62.574703216552734,118100,0.0,0.0
2016-09-21 00:00:00-04:00,62.79871087008253,63.65743114447083,61.22127364337047,62.41602325439453,94700,0.0,0.0
2016-09-22 00:00:00-04:00,62.65871178434827,63.0134059211424,61.91200115348933,62.9573974609375,72100,0.0,0.0
2016-09-23 00:00:00-04:00,62.98539466971558,64.70283524125587,62.33201496610408,63.330745697021484,47900,0.0,0.0
2016-09-26 00:00:00-04:00,62.9573858389592,63.20940606028752,62.40668711740616,62.46268844604492,47400,0.0,0.0
2016-09-27 00:00:00-04:00,62.62137496284502,63.18141683554113,61.98667413341545,62.67738342285156,62400,0.0,0.0
2016-09-28 00:00:00-04:00,62.930676911223394,62.930676911223394,62.07696276565038,62.64923095703125,59800,0.34,0.0
2016-09-29 00:00:00-04:00,62.26461199644217,62.696157323067666,61.83306666981668,62.04883575439453,60400,0.0,0.0
2016-09-30 00:00:00-04:00,62.15201386569708,62.639845391281675,60.97933435879714,61.01686096191406,103500,0.0,0.0
2016-10-03 00:00:00-04:00,61.120066859433884,62.227076772823494,60.87614747988192,62.030067443847656,88100,0.0,0.0
2016-10-04 00:00:00-04:00,62.03942595878104,62.09571943484268,60.97932639959912,61.560977935791016,58600,0.0,0.0
2016-10-05 00:00:00-04:00,61.75800704069056,62.2083120489896,60.988729423833064,61.94563293457031,83200,0.0,0.0
2016-10-06 00:00:00-04:00,62.04881293913143,62.04881293913143,60.98871331944444,61.25139236450195,57800,0.0,0.0
2016-10-07 00:00:00-04:00,61.43902563468008,61.757998197564866,60.810471106969636,61.373355865478516,58800,0.0,0.0
2016-10-10 00:00:00-04:00,61.34521840642155,63.33408570608812,61.27016518964877,63.24964904785156,77400,0.0,0.0
2016-10-11 00:00:00-04:00,63.221487544317355,63.69994271563797,62.264584359142766,62.46159362792969,57300,0.0,0.0
2016-10-12 00:00:00-04:00,62.64922159170983,62.93066750382912,62.14262324437522,62.377159118652344,72300,0.0,0.0
2016-10-13 00:00:00-04:00,62.37716853762407,62.37716853762407,61.03562284788646,61.17634582519531,48300,0.0,0.0
2016-10-14 00:00:00-04:00,61.29830095864466,61.673559839750894,60.97933556205845,61.10129165649414,41100,0.0,0.0
2016-10-17 00:00:00-04:00,61.20447883144541,61.72984404904242,60.688504210236545,61.560977935791016,48200,0.0,0.0
2016-10-18 00:00:00-04:00,61.776760332308086,62.27397534102075,61.589134457971795,61.65480422973633,37100,0.0,0.0
2016-10-19 00:00:00-04:00,61.429640599395526,61.97375839919927,61.260774480155185,61.720462799072266,42700,0.0,0.0
2016-10-20 00:00:00-04:00,61.523451337572176,61.72984404904242,61.23262199074284,61.560977935791016,41600,0.0,0.0
2016-10-21 00:00:00-04:00,61.16696384595526,61.91748163788658,60.819855272098216,61.62665939331055,36600,0.0,0.0
2016-10-24 00:00:00-04:00,62.076953898210384,62.75241836580983,61.75798854265893,62.13324737548828,29500,0.0,0.0
2016-10-25 00:00:00-04:00,62.21767055317892,62.63983222393437,61.72983913014003,61.8517951965332,47800,0.0,0.0
2016-10-26 00:00:00-04:00,61.71107717119962,61.96437991981011,61.242005429664246,61.560977935791016,38300,0.0,0.0
2016-10-27 00:00:00-04:00,64.02829649051276,65.14468959150608,61.63602760480344,62.968196868896484,120000,0.0,0.0
2016-10-28 00:00:00-04:00,63.13705518448187,65.88581569815024,62.18014488554406,62.480350494384766,42400,0.0,0.0
2016-10-31 00:00:00-04:00,62.264607562640435,63.63429667330099,62.058214778197055,63.45604705810547,102500,0.0,0.0
2016-11-01 00:00:00-04:00,63.268410407481895,63.268410407481895,61.98315102295803,62.789955139160156,69500,0.0,0.0
2016-11-02 00:00:00-04:00,61.40149236439002,62.48035887627283,60.632214941193695,61.448402404785156,99300,0.0,0.0
2016-11-03 00:00:00-04:00,61.33582637915691,62.19892393628996,61.08253075484102,61.20448684692383,56500,0.0,0.0
2016-11-04 00:00:00-04:00,61.335817415420244,62.68674630092483,61.279531097679765,62.470970153808594,46600,0.0,0.0
2016-11-07 00:00:00-05:00,63.15582051178003,63.240257149168286,62.4709726033948,62.752418518066406,65900,0.0,0.0
2016-11-08 00:00:00-05:00,62.53665687735834,63.38098040577351,61.48593345076315,62.6867561340332,62700,0.0,0.0
2016-11-09 00:00:00-05:00,62.49912263483053,63.765614930123284,61.97375740701212,63.540462493896484,53300,0.0,0.0
2016-11-10 00:00:00-05:00,63.79376569142623,63.79376569142623,61.34521028861378,63.05263137817383,91600,0.0,0.0
2016-11-11 00:00:00-05:00,62.996343877034285,65.67943513309032,62.996343877034285,64.81633758544922,64500,0.0,0.0
2016-11-14 00:00:00-05:00,65.1540674204399,65.64190608013179,63.94386852584168,64.64747619628906,73900,0.0,0.0
2016-11-15 00:00:00-05:00,64.74129191238185,65.144693947131,63.94387128298497,64.08458709716797,78400,0.0,0.0
2016-11-16 00:00:00-05:00,64.09395752784407,65.17282388156013,64.09395752784407,65.09777069091797,48800,0.0,0.0
2016-11-17 00:00:00-05:00,65.0508730210253,65.72633755025181,64.73190763637253,64.92891693115234,37700,0.0,0.0
2016-11-18 00:00:00-05:00,64.8538615420028,66.07345102952755,64.6756191331866,65.99839782714844,50900,0.0,0.0
2016-11-21 00:00:00-05:00,65.83893192885685,67.38687062467416,65.12594063938015,67.37748718261719,38300,0.0,0.0
2016-11-22 00:00:00-05:00,67.13356117830273,69.01923202772748,67.13356117830273,68.7471694946289,55100,0.0,0.0
2016-11-23 00:00:00-05:00,68.5032303002484,69.5820966792487,68.49385401929804,69.1599349975586,39200,0.0,0.0
2016-11-25 00:00:00-05:00,69.1974783230224,70.09809537717088,68.82221942776017,69.55397033691406,22400,0.0,0.0
2016-11-28 00:00:00-05:00,69.2818976279763,70.90488906937938,69.09427178667208,70.73602294921875,56900,0.0,0.0
2016-11-29 00:00:00-05:00,70.53902451984082,71.39273153381055,69.1505687452112,69.44139099121094,52900,0.0,0.0
2016-11-30 00:00:00-05:00,69.65717465922529,69.65717465922529,67.72460079071968,67.83717346191406,58200,0.0,0.0
2016-12-01 00:00:00-05:00,67.91221216304609,69.29128435011677,67.83715895998176,68.09046173095703,53000,0.0,0.0
2016-12-02 00:00:00-05:00,67.85594151398115,69.3944967448642,67.85594151398115,68.22181701660156,39200,0.0,0.0
2016-12-05 00:00:00-05:00,68.61582203017385,70.02303742399606,67.74334819970537,69.96675109863281,45900,0.0,0.0
2016-12-06 00:00:00-05:00,70.11683599765496,70.6891040465844,69.59147798190314,70.59529113769531,37800,0.0,0.0
2016-12-07 00:00:00-05:00,70.3701396926631,72.98756068422293,69.8916845460426,72.07756042480469,50700,0.0,0.0
2016-12-08 00:00:00-05:00,72.14323623363015,72.51849506331409,71.65539760780098,72.42467498779297,51200,0.0,0.0
2016-12-09 00:00:00-05:00,72.34026126626026,73.75686025709024,72.20892172088195,73.66304016113281,40800,0.0,0.0
2016-12-12 00:00:00-05:00,73.52230156954576,73.90693664550781,73.18456936957283,73.90693664550781,55900,0.0,0.0
2016-12-13 00:00:00-05:00,74.11334414487622,74.56365622061186,73.42849616994793,73.7756118774414,58700,0.0,0.0
2016-12-14 00:00:00-05:00,73.93509777269719,74.52613284503542,71.98376444659156,72.34963989257812,46400,0.0,0.0
2016-12-15 00:00:00-05:00,72.26519388390386,73.68179259699032,72.23705072362185,73.06261444091797,58000,0.0,0.0
2016-12-16 00:00:00-05:00,73.37221473451714,73.40035789910108,72.302731535519,72.6217041015625,283600,0.0,0.0
2016-12-19 00:00:00-05:00,72.82808202856619,74.02891179833877,72.33086708667112,73.85066223144531,60000,0.0,0.0
2016-12-20 00:00:00-05:00,74.07580869395598,74.90137238381442,73.31591476172869,74.73251342773438,33000,0.0,0.0
2016-12-21 00:00:00-05:00,74.57303690850813,75.96149266303557,74.46046425102486,74.5824203491211,40900,0.0,0.0
2016-12-22 00:00:00-05:00,74.67621395489812,74.70435711198483,73.74745398370565,73.90693664550781,29400,0.0,0.0
2016-12-23 00:00:00-05:00,73.8319043477735,77.0309777145996,73.63489503495101,76.8245849609375,58000,0.0,0.0
2016-12-27 00:00:00-05:00,76.57128963198383,78.86973878180557,76.57128963198383,78.18489074707031,52800,0.0,0.0
2016-12-28 00:00:00-05:00,78.69356380204721,79.400053773375,75.50022970658856,76.25381469726562,59700,0.34,0.0
2016-12-29 00:00:00-05:00,76.14078393423299,77.12045092924409,75.5944299431481,76.82843017578125,34100,0.0,0.0
2016-12-30 00:00:00-05:00,76.45164424750661,76.54584148042724,74.85968442003153,75.48139190673828,52900,0.0,0.0
2017-01-03 00:00:00-05:00,75.56615524398606,82.7252509284832,75.50021647901939,78.92904663085938,118700,0.0,0.0
2017-01-04 00:00:00-05:00,79.1268917682132,80.78479056041954,78.37329944808606,80.08771514892578,68000,0.0,0.0
2017-01-05 00:00:00-05:00,80.27609945931137,81.58546026256717,79.06093587900016,80.01234436035156,56000,0.0,0.0
2017-01-06 00:00:00-05:00,80.05003959861327,80.05003959861327,77.53492943807463,77.60086822509766,36200,0.0,0.0
2017-01-09 00:00:00-05:00,77.59143001855695,77.80808288735456,76.47988566930388,77.10159301757812,44700,0.0,0.0
2017-01-10 00:00:00-05:00,76.64003199097168,77.44071918074819,76.5175763175947,77.4312973022461,30100,0.0,0.0
2017-01-11 00:00:00-05:00,76.77191093989799,77.72331945587091,76.19729851620237,77.22406768798828,42300,0.0,0.0
2017-01-12 00:00:00-05:00,77.0450866588926,77.78925695252386,75.34009317321866,77.19580078125,54200,0.0,0.0
2017-01-13 00:00:00-05:00,77.58202419466328,77.58202419466328,75.32125470622104,77.35594940185547,38200,0.0,0.0
2017-01-17 00:00:00-05:00,77.45956670393208,77.45956670393208,75.9241238388759,76.82843017578125,46700,0.0,0.0
2017-01-18 00:00:00-05:00,77.06393003350898,77.06393003350898,74.78432393232005,75.23648071289062,58700,0.0,0.0
2017-01-19 00:00:00-05:00,75.23646492180904,75.23646492180904,73.42784536591893,74.5111312866211,62800,0.0,0.0
2017-01-20 00:00:00-05:00,74.30389146701408,75.8958509289523,74.30389146701408,75.40602111816406,43900,0.0,0.0
2017-01-23 00:00:00-05:00,75.40603290764163,75.64152956608301,74.62418227678724,75.53791046142578,27400,0.0,0.0
2017-01-24 00:00:00-05:00,75.6415396826482,76.20673030114054,74.5111512588749,75.62269592285156,43500,0.0,0.0
2017-01-25 00:00:00-05:00,76.10310030594897,76.10310030594897,75.04807269856978,75.27415466308594,37600,0.0,0.0
2017-01-26 00:00:00-05:00,75.0951751761655,75.12343362513533,74.25680765171829,74.80316162109375,26400,0.0,0.0
2017-01-27 00:00:00-05:00,74.22854335153723,75.62267942726258,74.17201927126555,75.5755844116211,35600,0.0,0.0
2017-01-30 00:00:00-05:00,75.09517139969306,75.46254559140117,74.00246351589348,74.69011688232422,51100,0.0,0.0
2017-01-31 00:00:00-05:00,74.63360702528863,76.04658703026973,74.63360702528863,75.63211059570312,70700,0.0,0.0
2017-02-01 00:00:00-05:00,76.08425367903604,76.47989350862241,70.13089872029575,71.8453140258789,109300,0.0,0.0
2017-02-02 00:00:00-05:00,71.75111096710617,72.8626553398669,71.20475706476229,72.60832214355469,64000,0.0,0.0
2017-02-03 00:00:00-05:00,72.84383860502477,74.15319963959249,72.58949815267638,73.96479797363281,38500,0.0,0.0
2017-02-06 00:00:00-05:00,73.96478728267067,73.96478728267067,71.57214755852195,71.94893646240234,34900,0.0,0.0
2017-02-07 00:00:00-05:00,71.54389468220937,72.5424055785786,70.94102370433573,72.35400390625,50200,0.0,0.0
2017-02-08 00:00:00-05:00,72.09964510097005,72.25978107565209,71.15765863325963,71.78878784179688,38600,0.0,0.0
2017-02-09 00:00:00-05:00,71.3743214824545,73.34307721255347,71.3743214824545,72.81556701660156,34100,0.0,0.0
2017-02-10 00:00:00-05:00,73.19235570932024,74.94445135461464,70.18742335202327,74.72779846191406,48100,0.0,0.0
2017-02-13 00:00:00-05:00,74.98212904275509,75.2647278866161,74.23795879492243,74.88793182373047,44800,0.0,0.0
2017-02-14 00:00:00-05:00,74.65244874841054,75.08576178409395,73.1735298619388,74.83142852783203,53600,0.0,0.0
2017-02-15 00:00:00-05:00,74.47347324250696,75.12344642672376,74.05900394234145,74.73722839355469,44600,0.0,0.0
2017-02-16 00:00:00-05:00,74.45463587772377,76.51758922359345,74.45463587772377,76.39512634277344,82700,0.0,0.0
2017-02-17 00:00:00-05:00,76.56466615371315,76.81900654853995,75.83933966747708,76.06541442871094,114500,0.0,0.0
2017-02-21 00:00:00-05:00,76.65885591978977,76.78131875975963,76.06540703419641,76.54582214355469,98000,0.0,0.0
2017-02-22 00:00:00-05:00,76.67770415533506,77.79866322697352,76.40452720215636,76.93203735351562,103800,0.0,0.0
2017-02-23 00:00:00-05:00,75.50023242679798,77.1016068781221,71.52504756168499,71.77938079833984,86300,0.0,0.0
2017-02-24 00:00:00-05:00,71.120009080797,71.57216594310071,64.06452939753291,64.07394409179688,108600,0.0,0.0
2017-02-27 00:00:00-05:00,64.45073253217585,69.51862591135648,63.54642610305695,68.88748931884766,216400,0.0,0.0
2017-02-28 00:00:00-05:00,68.51068801051443,68.76502122821316,64.130448919579,64.4224624633789,137000,0.0,0.0
2017-03-01 00:00:00-05:00,65.223143282517,66.82452464544383,64.84634724495852,66.13687133789062,75400,0.0,0.0
2017-03-02 00:00:00-05:00,66.15574164021479,66.44775527278142,64.0833661954106,64.31886291503906,49200,0.0,0.0
2017-03-03 00:00:00-05:00,63.97030429952697,64.14927684089501,62.726875266184244,62.83991622924805,53100,0.0,0.0
2017-03-06 00:00:00-05:00,62.61386235947695,64.70507415905912,62.21822963706648,64.33769989013672,79200,0.0,0.0
2017-03-07 00:00:00-05:00,64.25291716995623,65.46808097419405,63.923223235501496,64.57319641113281,55400,0.0,0.0
2017-03-08 00:00:00-05:00,64.8086932797079,64.8181079730114,63.04717541546777,64.33769989013672,60500,0.0,0.0
2017-03-09 00:00:00-05:00,64.055091999849,65.74124896049484,64.055091999849,64.53550720214844,50000,0.0,0.0
2017-03-10 00:00:00-05:00,65.2231641266991,65.43040237292531,64.06452438540015,65.1101303100586,37400,0.0,0.0
2017-03-13 00:00:00-04:00,64.85576499643089,67.39913269806293,64.85576499643089,67.19189453125,53000,0.0,0.0
2017-03-14 00:00:00-04:00,66.74916390568438,68.36938183413186,66.29700722389967,67.32377624511719,47500,0.0,0.0
2017-03-15 00:00:00-04:00,67.38030489973494,69.02878156109152,67.15423011276378,68.18099212646484,51800,0.0,0.0
2017-03-16 00:00:00-04:00,68.40706466477883,68.7650169603428,67.36145903742519,68.3599624633789,44000,0.0,0.0
2017-03-17 00:00:00-04:00,68.12446855012065,69.81062537519124,65.84486277236422,69.64106750488281,230100,0.0,0.0
2017-03-20 00:00:00-04:00,69.69758631618936,70.61131446538113,68.50126649990328,69.22659301757812,46200,0.0,0.0
2017-03-21 00:00:00-04:00,69.49977293321538,69.49977293321538,67.70999688542287,67.8701400756836,39000,0.0,0.0
2017-03-22 00:00:00-04:00,67.56869947862243,68.58603950699951,66.13687587503122,67.22958374023438,52900,0.0,0.0
2017-03-23 00:00:00-04:00,65.93906512403183,68.32229018505723,65.93906512403183,67.65348052978516,44200,0.0,0.0
2017-03-24 00:00:00-04:00,67.6440484220264,68.6613955692134,67.12596015789747,67.80419158935547,51500,0.0,0.0
2017-03-27 00:00:00-04:00,66.83395303099782,67.58754526053436,66.48542255393737,66.80569458007812,40800,0.0,0.0
2017-03-28 00:00:00-04:00,66.27817599436534,70.32872114172827,66.11804000143842,67.49333953857422,40000,0.0,0.0
2017-03-29 00:00:00-04:00,67.33242949519763,67.67316207774881,66.84026422098619,67.53118896484375,19800,0.34,0.0
2017-03-30 00:00:00-04:00,67.49332874825424,68.59124644838592,66.66989769420795,67.3418960571289,51900,0.0,0.0
2017-03-31 00:00:00-04:00,67.25673112089747,67.55014424066883,66.18721347311234,66.65098571777344,71200,0.0,0.0
2017-04-03 00:00:00-04:00,66.51846320408262,67.4649410691858,64.94731370295894,65.83699798583984,40300,0.0,0.0
2017-04-04 00:00:00-04:00,65.60035989403475,66.88757000278922,65.56249992365362,65.80858612060547,54000,0.0,0.0
2017-04-05 00:00:00-04:00,66.24399764124523,66.49955076217606,64.97572050228486,65.63825225830078,60500,0.0,0.0
2017-04-06 00:00:00-04:00,65.50573217726435,66.0262978914923,64.89998692128256,65.83699798583984,51500,0.0,0.0
2017-04-07 00:00:00-04:00,65.91272319242256,66.52793529789936,65.448951023517,66.37649536132812,71900,0.0,0.0
2017-04-10 00:00:00-04:00,67.001176085881,67.34190873135691,65.92219178222523,66.8875961303711,37200,0.0,0.0
2017-04-11 00:00:00-04:00,66.67936575576968,67.81514357843761,65.9884409264544,67.03903198242188,37900,0.0,0.0
2017-04-12 00:00:00-04:00,66.78348998475212,68.2694602586072,66.40490453543087,68.06124114990234,48400,0.0,0.0
2017-04-13 00:00:00-04:00,68.22214153672408,68.22214153672408,66.16828584228045,66.20613861083984,42000,0.0,0.0
2017-04-17 00:00:00-04:00,66.26292174410253,68.00443766506814,66.26292174410253,67.91925811767578,28900,0.0,0.0
2017-04-18 00:00:00-04:00,67.67317620431704,68.14641519875283,66.92545772658202,67.64478302001953,47500,0.0,0.0
2017-04-19 00:00:00-04:00,67.8340559629304,68.93197357620066,66.83079189780904,67.4838638305664,57600,0.0,0.0
2017-04-20 00:00:00-04:00,67.68264137683282,68.0612340074787,66.19667125891715,66.8875961303711,60400,0.0,0.0
2017-04-21 00:00:00-04:00,66.84028796851184,67.71104611282223,66.5658084449902,67.35138702392578,63200,0.0,0.0
2017-04-24 00:00:00-04:00,68.14641556082557,68.72376771478912,66.97278487028427,67.1526107788086,55500,0.0,0.0
2017-04-25 00:00:00-04:00,67.7299508219216,68.66696906749281,67.70155764255024,68.1085433959961,69800,0.0,0.0
2017-04-26 00:00:00-04:00,67.83407771572764,70.02990642536702,67.83407771572764,69.21593475341797,127300,0.0,0.0
2017-04-27 00:00:00-04:00,68.85628275486877,69.85954724440832,66.90654015186024,67.65425872802734,73400,0.0,0.0
2017-04-28 00:00:00-04:00,67.62584365015589,67.62584365015589,65.07035618652462,65.48680877685547,84400,0.0,0.0
2017-05-01 00:00:00-04:00,65.76129999356473,65.76129999356473,63.357244810495224,63.93459701538086,65500,0.0,0.0
2017-05-02 00:00:00-04:00,64.38890132287702,65.5246793285054,63.43295645954373,65.44895935058594,70500,0.0,0.0
2017-05-03 00:00:00-04:00,64.99464515538493,65.4962773603027,62.73256322158877,62.95025634765625,101400,0.0,0.0
2017-05-04 00:00:00-04:00,63.11115196765472,63.11115196765472,60.063491718018305,61.61571502685547,91400,0.0,0.0
2017-05-05 00:00:00-04:00,61.606253280756164,63.215270310725884,61.40749375525872,62.93132400512695,58600,0.0,0.0
2017-05-08 00:00:00-04:00,62.93131715875646,63.6222492426508,61.681966547937606,62.87453079223633,51200,0.0,0.0
2017-05-09 00:00:00-04:00,62.467538895143676,63.76421616572802,61.748213698092634,63.07328414916992,45200,0.0,0.0
2017-05-10 00:00:00-04:00,62.55271881798808,63.87778927714393,61.55892138941099,61.92804718017578,53200,0.0,0.0
2017-05-11 00:00:00-04:00,61.69143618972735,61.69143618972735,59.50507071486789,59.637577056884766,53200,0.0,0.0
2017-05-12 00:00:00-04:00,59.268452021558275,60.886932163923355,59.15487567121712,60.66923904418945,53600,0.0,0.0
2017-05-15 00:00:00-04:00,60.92478960249952,61.748220815925485,60.659769704892305,60.67870330810547,61800,0.0,0.0
2017-05-16 00:00:00-04:00,61.12354916967187,61.12354916967187,59.89312491755251,60.12028121948242,44200,0.0,0.0
2017-05-17 00:00:00-04:00,59.14540738699634,59.39149005996761,58.39768895636833,58.577518463134766,84100,0.0,0.0
2017-05-18 00:00:00-04:00,58.236781094126265,59.81740098487252,57.725685797906536,59.22111892700195,87300,0.0,0.0
2017-05-19 00:00:00-04:00,59.1643327698576,60.75441956351955,58.993970067153626,59.99723434448242,185500,0.0,0.0
2017-05-22 00:00:00-04:00,60.02563603489823,61.46428671078089,60.02563603489823,60.470481872558594,50000,0.0,0.0
2017-05-23 00:00:00-04:00,60.78280930782462,60.95317561141981,59.41041568909737,59.62810516357422,91300,0.0,0.0
2017-05-24 00:00:00-04:00,59.486138309078584,60.262249947009664,59.39149195734139,59.95937728881836,49600,0.0,0.0
2017-05-25 00:00:00-04:00,60.47994250901837,60.678702012188474,59.90259038126314,60.45154571533203,27200,0.0,0.0
2017-05-26 00:00:00-04:00,60.28117474057596,61.18032944664026,59.978302108505595,60.631370544433594,39800,0.0,0.0
2017-05-30 00:00:00-04:00,60.479946622452175,60.57459297977223,59.95938082561058,60.32851028442383,46300,0.0,0.0
2017-05-31 00:00:00-04:00,60.36636221761646,62.09841859119243,60.17706951690972,61.93751907348633,61900,0.0,0.0
2017-06-01 00:00:00-04:00,61.89019030177083,62.637908721359935,61.34123137786185,61.67250442504883,59400,0.0,0.0
2017-06-02 00:00:00-04:00,61.521078607661494,64.36051300493818,61.24659908273147,63.811553955078125,70200,0.0,0.0
2017-06-05 00:00:00-04:00,63.92512349404274,65.10822096642052,59.523999452586615,64.40782928466797,56100,0.0,0.0
2017-06-06 00:00:00-04:00,64.0292383074932,65.28805578375632,63.10168668786403,64.79588317871094,39400,0.0,0.0
2017-06-07 00:00:00-04:00,65.24072730564252,65.24072730564252,64.0954898189073,64.40782928466797,50100,0.0,0.0
2017-06-08 00:00:00-04:00,64.21853101955429,65.75182798304385,63.52760612158263,64.79588317871094,38900,0.0,0.0
2017-06-09 00:00:00-04:00,64.93784492019294,66.38595485422893,64.48353238154792,65.57198333740234,99800,0.0,0.0
2017-06-12 00:00:00-04:00,65.58146576634675,67.40816871439883,65.58146576634675,66.87814331054688,55900,0.0,0.0
2017-06-13 00:00:00-04:00,67.02009169293518,67.21885116733206,65.56251499297214,66.0546875,48100,0.0,0.0
2017-06-14 00:00:00-04:00,66.28184294475368,66.53739600906357,65.68556449645216,66.2629165649414,53300,0.0,0.0
2017-06-15 00:00:00-04:00,66.66044108808262,66.66044108808262,65.37323052194218,65.87486267089844,34600,0.0,0.0
2017-06-16 00:00:00-04:00,65.60984831889843,67.10528514716518,65.023029416134,67.03903198242188,156500,0.0,0.0
2017-06-19 00:00:00-04:00,67.4365528260827,67.4365528260827,65.0230312049383,65.19339752197266,45900,0.0,0.0
2017-06-20 00:00:00-04:00,65.13661957914563,65.13661957914563,63.64118251637123,64.70124053955078,53900,0.0,0.0
2017-06-21 00:00:00-04:00,64.68230746544455,64.86214060844708,63.21527079802017,63.46135711669922,45000,0.0,0.0
2017-06-22 00:00:00-04:00,63.75475107477142,64.57818943641213,63.5938515669616,63.83047103881836,78000,0.0,0.0
2017-06-23 00:00:00-04:00,63.90617991988384,64.75801141130164,63.423481425624416,64.1427993774414,82600,0.0,0.0
2017-06-26 00:00:00-04:00,64.20905880706384,64.89052406674669,63.75475344797759,64.06709289550781,30200,0.0,0.0
2017-06-27 00:00:00-04:00,64.07654707358073,64.65389913541298,62.94077655056315,63.06381607055664,40200,0.0,0.0
2017-06-28 00:00:00-04:00,63.35875272545845,65.26141801606137,63.111404205414296,64.91893768310547,74600,0.34,0.0
2017-06-29 00:00:00-04:00,64.71915341624234,65.48973047345322,63.891498727561455,65.3565444946289,44900,0.0,0.0
2017-06-30 00:00:00-04:00,65.37556380571115,66.46959751927739,64.14834413655498,65.10919189453125,50300,0.0,0.0
2017-07-03 00:00:00-04:00,65.2899408132694,66.4791063280986,65.09967723413286,66.27932739257812,19000,0.0,0.0
2017-07-05 00:00:00-04:00,66.26982575806862,66.26982575806862,63.853440325277,64.0722427368164,89900,0.0,0.0
2017-07-06 00:00:00-04:00,63.843919158287655,64.48131013646248,62.41692053116114,62.569129943847656,75600,0.0,0.0
2017-07-07 00:00:00-04:00,62.59767463327501,63.748785962810985,62.58815927703863,63.41582107543945,69200,0.0,0.0
2017-07-10 00:00:00-04:00,63.41583168638522,64.05322275715969,62.226665991018784,62.96870422363281,106100,0.0,0.0
2017-07-11 00:00:00-04:00,63.06382481555653,63.49192148654078,61.1516446851073,61.475101470947266,193100,0.0,0.0
2017-07-12 00:00:00-04:00,61.83660775378965,63.49192414447193,61.69390643812436,63.1779899597168,131000,0.0,0.0
2017-07-13 00:00:00-04:00,62.806969866653674,63.301666842292114,62.44546612144953,62.95918655395508,96900,0.0,0.0
2017-07-14 00:00:00-04:00,63.082850262199955,63.34922217772259,62.44545928461505,62.683292388916016,106000,0.0,0.0
2017-07-17 00:00:00-04:00,62.72135367724772,63.139942310928156,62.550113532386746,62.911617279052734,171600,0.0,0.0
2017-07-18 00:00:00-04:00,62.94016973981713,63.08286382660827,62.588174056851216,62.87356948852539,249200,0.0,0.0
2017-07-19 00:00:00-04:00,63.2350644003705,63.94856368469887,63.03528547172936,63.26360321044922,74700,0.0,0.0
2017-07-20 00:00:00-04:00,63.14944057128012,63.767808067937665,62.978200453099404,63.082847595214844,103600,0.0,0.0
2017-07-21 00:00:00-04:00,63.44435868506789,63.59656809151779,62.82599118703196,63.26360321044922,88000,0.0,0.0
2017-07-24 00:00:00-04:00,63.25409525563132,63.25409525563132,61.95077438893676,62.226661682128906,68700,0.0,0.0
2017-07-25 00:00:00-04:00,62.58815809504895,63.216033691079105,62.3217861901822,62.607181549072266,121700,0.0,0.0
2017-07-26 00:00:00-04:00,62.59767057380258,63.22554614097243,62.25519035240458,63.05430603027344,83600,0.0,0.0
2017-07-27 00:00:00-04:00,63.0638237550234,64.02467148215801,63.0638237550234,63.606082916259766,80300,0.0,0.0
2017-07-28 00:00:00-04:00,62.626209807581695,63.34921716158217,57.15604884179967,57.30826187133789,137300,0.0,0.0
2017-07-31 00:00:00-04:00,56.42353500588672,57.24167795279285,54.99653617686724,55.17728805541992,100100,0.0,0.0
2017-08-01 00:00:00-04:00,55.177282993098046,56.46158036976753,55.03458167167017,56.22374725341797,145800,0.0,0.0
2017-08-02 00:00:00-04:00,56.30935704618542,56.737457303311956,54.9679786598854,55.538780212402344,138000,0.0,0.0
2017-08-03 00:00:00-04:00,55.71003277141628,56.44255923538567,55.28193241857111,56.2332649230957,168400,0.0,0.0
2017-08-04 00:00:00-04:00,56.23325962391274,58.96358263847155,56.23325962391274,58.7733154296875,103100,0.0,0.0
2017-08-07 00:00:00-04:00,58.76380196181343,59.06822803523314,57.93614380151889,58.17397689819336,62400,0.0,0.0
2017-08-08 00:00:00-04:00,58.16446578240264,58.94455810604206,57.00383902472408,57.10848617553711,70800,0.0,0.0
2017-08-09 00:00:00-04:00,56.832591850564306,57.29874263424096,56.290329113707024,56.65183639526367,84200,0.0,0.0
2017-08-10 00:00:00-04:00,56.53768399389085,57.508043463157826,56.27131208708837,56.97529602050781,48000,0.0,0.0
2017-08-11 00:00:00-04:00,56.62330351949075,57.61269006262831,56.347416259165755,56.594764709472656,46500,0.0,0.0
2017-08-14 00:00:00-04:00,56.4710811122102,57.35582036638742,56.4710811122102,57.260684967041016,47000,0.0,0.0
2017-08-15 00:00:00-04:00,57.01335018692103,58.154949776002475,56.689897030498706,56.97529602050781,73000,0.0,0.0
2017-08-16 00:00:00-04:00,56.93724185409458,57.65074114363985,56.79454417361256,56.97529602050781,38800,0.0,0.0
2017-08-17 00:00:00-04:00,56.69941068071032,56.85162372248094,55.64343474476457,55.65294647216797,48400,0.0,0.0
2017-08-18 00:00:00-04:00,55.37705140872709,56.03347300760826,55.01554775353608,55.58634567260742,56100,0.0,0.0
2017-08-21 00:00:00-04:00,55.41511336758605,56.09055851362785,55.20581907425951,55.65294647216797,38300,0.0,0.0
2017-08-22 00:00:00-04:00,56.01445782361939,56.44255816837156,55.73857053155183,56.261802673339844,65800,0.0,0.0
2017-08-23 00:00:00-04:00,56.05250853821446,57.60318151219944,56.004942639549554,56.87065505981445,54400,0.0,0.0
2017-08-24 00:00:00-04:00,56.91821685912529,57.508041906383205,56.56622127289923,57.16556167602539,43700,0.0,0.0
2017-08-25 00:00:00-04:00,57.40339365390746,57.926625716129806,57.04188634786234,57.30826187133789,36600,0.0,0.0
2017-08-28 00:00:00-04:00,57.46047497215562,57.89808697899027,56.975293444932305,57.850521087646484,50100,0.0,0.0
2017-08-29 00:00:00-04:00,57.44145646583815,58.3642465086241,57.28924341338565,57.46048355102539,43200,0.0,0.0
2017-08-30 00:00:00-04:00,57.165564723852064,57.76490515893253,56.88967745368302,56.899192810058594,31700,0.0,0.0
2017-08-31 00:00:00-04:00,57.04189047571871,58.32619140761596,57.04189047571871,57.6222038269043,59900,0.0,0.0
2017-09-01 00:00:00-04:00,57.83149952921439,58.6876965423189,57.49853099991383,58.44986343383789,44300,0.0,0.0
2017-09-05 00:00:00-04:00,58.4593849182129,59.182396047002015,58.269117685675035,58.45938491821289,73600,0.0,0.0
2017-09-06 00:00:00-04:00,58.611583578460575,58.98260259478059,55.20581220282048,55.377052307128906,131600,0.0,0.0
2017-09-07 00:00:00-04:00,55.529273211836355,55.57683910777475,52.48500869419073,52.97970199584961,108500,0.0,0.0
2017-09-08 00:00:00-04:00,53.112881330316974,53.112881330316974,50.90578716865078,51.999820709228516,108000,0.0,0.0
2017-09-11 00:00:00-04:00,52.28522486380047,52.94164650511177,50.610881531664695,50.905792236328125,117400,0.0,0.0
2017-09-12 00:00:00-04:00,50.90579586358023,52.78943723638708,50.43964501310255,52.03788375854492,107700,0.0,0.0
2017-09-13 00:00:00-04:00,52.094963131425864,52.48500928901358,51.66686643408333,51.91421127319336,58400,0.0,0.0
2017-09-14 00:00:00-04:00,51.60027081888337,52.437440715474054,51.172170514351144,51.590755462646484,58000,0.0,0.0
2017-09-15 00:00:00-04:00,51.37194601655101,51.37194601655101,48.498921933473326,49.32658004760742,297300,0.0,0.0
2017-09-18 00:00:00-04:00,48.946053022061996,49.94495132270711,47.366841373020115,47.5190544128418,144200,0.0,0.0
2017-09-19 00:00:00-04:00,47.56661862081338,49.06021015518332,47.09095243460525,48.18498611450195,198200,0.0,0.0
2017-09-20 00:00:00-04:00,48.432334665504264,49.95446512700864,47.78542831210358,49.08875274658203,207500,0.0,0.0
2017-09-21 00:00:00-04:00,48.83189818440223,48.955568794507634,47.88056569964749,48.30866241455078,90100,0.0,0.0
2017-09-22 00:00:00-04:00,48.29914411750485,49.631007237592705,47.82347793982099,48.28011703491211,79700,0.0,0.0
2017-09-25 00:00:00-04:00,48.59404897315709,49.48829990627328,48.33718885183725,49.3551139831543,82600,0.0,0.0
2017-09-26 00:00:00-04:00,49.53587577811836,50.37304927245776,49.269503878165125,49.43122863769531,67600,0.0,0.0
2017-09-27 00:00:00-04:00,49.450261349023904,50.62991520845858,48.77481616637799,50.211326599121094,127900,0.0,0.0
2017-09-28 00:00:00-04:00,50.335400345009866,50.74579178995406,49.9345477223415,50.43083953857422,71900,0.17,0.0
2017-09-29 00:00:00-04:00,50.19224064904352,50.678986387981176,50.04907821012371,50.29722595214844,81800,0.0,0.0
2017-10-02 00:00:00-04:00,50.40220767549685,50.79351418787726,49.991812596564735,50.55491256713867,54300,0.0,0.0
2017-10-03 00:00:00-04:00,49.247373299065934,51.232540540651506,49.00877167718912,50.81260299682617,132700,0.0,0.0
2017-10-04 00:00:00-04:00,50.67898409507609,52.90275300525915,50.67898409507609,51.64293670654297,166200,0.0,0.0
2017-10-05 00:00:00-04:00,52.05333101520001,53.14135383497231,51.137101655472996,51.327980041503906,149400,0.0,0.0
2017-10-06 00:00:00-04:00,51.38524251632666,51.776549008362686,50.14451488114695,50.46901321411133,68400,0.0,0.0
2017-10-09 00:00:00-04:00,50.745791908908075,52.51144612016235,50.077710270847845,52.301475524902344,128500,0.0,0.0
2017-10-10 00:00:00-04:00,52.28238285765009,52.90274849093487,51.89107636857293,52.482810974121094,96200,0.0,0.0
2017-10-11 00:00:00-04:00,52.50189317384504,52.61642456039031,51.19435745734348,52.15830993652344,109100,0.0,0.0
2017-10-12 00:00:00-04:00,52.20602835405895,52.34918712286647,51.29934158852609,52.26329040527344,75500,0.0,0.0
2017-10-13 00:00:00-04:00,52.540073266531486,52.750043846271055,51.47113908387581,51.60475540161133,68000,0.0,0.0
2017-10-16 00:00:00-04:00,51.662017916452534,52.52098146646843,51.662017916452534,52.358734130859375,71800,0.0,0.0
2017-10-17 00:00:00-04:00,52.34920301564419,52.88367204745797,51.21346041890887,51.38525390625,89300,0.0,0.0
2017-10-18 00:00:00-04:00,51.40433242674832,52.32056175293444,51.25162753905063,52.01515197753906,89300,0.0,0.0
2017-10-19 00:00:00-04:00,51.95789146261887,52.96002125642612,51.738378392203316,51.94834899902344,71600,0.0,0.0
2017-10-20 00:00:00-04:00,52.08196294816947,52.769136800267795,51.385246632912846,51.423423767089844,70900,0.0,0.0
2017-10-23 00:00:00-04:00,51.471142471798935,51.986522851934815,51.118013088715536,51.327980041503906,31000,0.0,0.0
2017-10-24 00:00:00-04:00,51.32797905848502,51.37570229485061,50.20177912676646,50.278133392333984,59200,0.0,0.0
2017-10-25 00:00:00-04:00,50.106343529390244,51.73837784484795,49.7054945287257,50.95576477050781,73200,0.0,0.0
2017-10-26 00:00:00-04:00,51.213452036901494,51.53795038868334,50.793514492560455,51.051204681396484,38200,0.0,0.0
2017-10-27 00:00:00-04:00,51.070283062748366,51.12754875540851,50.383112954683405,50.72669982910156,38600,0.0,0.0
2017-10-30 00:00:00-04:00,50.37357238280072,50.545365838871334,48.941962676060065,49.56232833862305,68600,0.0,0.0
2017-10-31 00:00:00-04:00,51.33752077183317,52.34918921868554,48.560198312828966,51.81472396850586,128000,0.0,0.0
2017-11-01 00:00:00-04:00,52.034235635011214,52.86456815599074,50.74578485338294,51.88153076171875,104800,0.0,0.0
2017-11-02 00:00:00-04:00,51.509321411350285,52.463727938055925,50.2208704158345,50.84123611450195,65200,0.0,0.0
2017-11-03 00:00:00-04:00,50.85077575410663,51.156185534431394,47.96846776661635,50.03953170776367,97800,0.0,0.0
2017-11-06 00:00:00-05:00,49.858198575942374,50.45947206663904,49.552785137770584,50.1445198059082,66800,0.0,0.0
2017-11-07 00:00:00-05:00,50.010900321030306,50.316310099171446,48.684272273813285,50.0013542175293,76800,0.0,0.0
2017-11-08 00:00:00-05:00,49.76276166940926,49.88683555213108,48.47431416062214,49.23783874511719,49800,0.0,0.0
2017-11-09 00:00:00-05:00,48.73199830467888,50.16360808711134,48.72245220063037,49.64822769165039,62400,0.0,0.0
2017-11-10 00:00:00-05:00,50.325849096910304,50.516731105299016,49.48597044446287,49.58141326904297,43700,0.0,0.0
2017-11-13 00:00:00-05:00,49.371446800472725,50.26858758148487,48.980140289089874,50.07770919799805,112600,0.0,0.0
2017-11-14 00:00:00-05:00,49.90591692688733,51.51886260664247,48.846525125795395,50.68852996826172,153600,0.0,0.0
2017-11-15 00:00:00-05:00,50.678981058846475,51.35661240560245,49.86773703233251,50.58354187011719,92800,0.0,0.0
2017-11-16 00:00:00-05:00,50.736251444948294,51.776554717624535,50.32585634209983,51.37570571899414,121000,0.0,0.0
2017-11-17 00:00:00-05:00,51.09891605543544,52.68323042608288,51.003473237461954,52.12967300415039,83100,0.0,0.0
2017-11-20 00:00:00-05:00,51.86246040196819,52.31103271755792,50.61218630999078,52.00562286376953,78800,0.0,0.0
2017-11-21 00:00:00-05:00,52.30147120070748,53.64718411018055,52.30147120070748,53.37995147705078,67600,0.0,0.0
2017-11-22 00:00:00-05:00,53.227248717923864,53.923964996920674,52.5877944964405,52.950469970703125,108000,0.0,0.0
2017-11-24 00:00:00-05:00,53.017272206107755,53.48493292123864,50.936666064320555,52.46371841430664,43100,0.0,0.0
2017-11-27 00:00:00-05:00,52.50190577190319,55.54646517384909,52.148776347248855,54.878379821777344,105200,0.0,0.0
2017-11-28 00:00:00-05:00,54.84018960771384,56.15727142880872,54.47751780541854,56.04274368286133,90200,0.0,0.0
2017-11-29 00:00:00-05:00,56.08092643651899,57.541170911883874,55.70870847011469,57.18803787231445,92100,0.0,0.0
2017-11-30 00:00:00-05:00,57.522081087484935,58.104269644072836,55.74688438732244,57.03533172607422,202000,0.0,0.0
2017-12-01 00:00:00-05:00,56.74900889258282,57.407551699279445,55.69916321227862,56.82536315917969,86400,0.0,0.0
2017-12-04 00:00:00-05:00,57.13076335991771,57.388453505295,56.29088477210707,56.834896087646484,50300,0.0,0.0
2017-12-05 00:00:00-05:00,56.86353935625527,56.86353935625527,54.93563784568787,55.33648681640625,69300,0.0,0.0
2017-12-06 00:00:00-05:00,55.212412821181196,55.47010300491775,52.80731172118351,53.00773620605469,96600,0.0,0.0
2017-12-07 00:00:00-05:00,52.90275397405862,53.37041113249441,51.4043360210124,51.99606704711914,126700,0.0,0.0
2017-12-08 00:00:00-05:00,52.263302556101124,53.160447068601414,51.75746823532349,52.339656829833984,76600,0.0,0.0
2017-12-11 00:00:00-05:00,52.38737396342441,54.38208376110541,51.78609682879697,52.96956253051758,65500,0.0,0.0
2017-12-12 00:00:00-05:00,53.09363170572942,53.570834929586276,52.167856286400195,52.396915435791016,54300,0.0,0.0
2017-12-13 00:00:00-05:00,52.50189780934863,53.52311607196673,51.91971292647914,52.49235534667969,90500,0.0,0.0
2017-12-14 00:00:00-05:00,52.51144545290843,52.70232747883094,51.60475856035539,51.747920989990234,67900,0.0,0.0
2017-12-15 00:00:00-05:00,51.786095606389914,53.0745465787492,50.88895479808826,52.816856384277344,368700,0.0,0.0
2017-12-18 00:00:00-05:00,53.2845188902235,53.97168912348492,53.055459718621684,53.48494338989258,54900,0.0,0.0
2017-12-19 00:00:00-05:00,53.313147057941116,53.675822543176395,52.2155781392849,52.444637298583984,61300,0.0,0.0
2017-12-20 00:00:00-05:00,52.635523198044304,53.53266405304598,52.31102482227398,52.68324279785156,72100,0.0,0.0
2017-12-21 00:00:00-05:00,52.835944534785206,53.59946900825311,52.31102168682426,53.236793518066406,90900,0.0,0.0
2017-12-22 00:00:00-05:00,53.37041349277481,53.70445797577386,52.950475913864935,53.217708587646484,36300,0.0,0.0
2017-12-26 00:00:00-05:00,53.131808161107585,53.75217384304308,52.8454869389727,52.998191833496094,24300,0.0,0.0
2017-12-27 00:00:00-05:00,53.44676893341281,54.23892814910369,52.69278685503112,52.893211364746094,57700,0.0,0.0
2017-12-28 00:00:00-05:00,53.06552914960265,53.802683786292235,53.0176627242538,53.60164260864258,36100,0.17,0.0
2017-12-29 00:00:00-05:00,53.62078982410323,53.62078982410323,52.337949818758005,52.90278244018555,67200,0.0,0.0
2018-01-02 00:00:00-05:00,53.29529116185133,53.79311003579321,52.558140153487116,53.467613220214844,103900,0.0,0.0
2018-01-03 00:00:00-05:00,53.458045512153774,53.458045512153774,52.194352754827165,52.71131896972656,107900,0.0,0.0
2018-01-04 00:00:00-05:00,52.921923678672215,53.438889812337436,51.8114058648584,53.15168762207031,161600,0.0,0.0
2018-01-05 00:00:00-05:00,53.18041603821383,53.410180021760716,51.648668321149955,52.2135009765625,77900,0.0,0.0
2018-01-08 00:00:00-05:00,53.706950321276494,59.80522893736046,53.18041230870993,59.26911544799805,211600,0.0,0.0
2018-01-09 00:00:00-05:00,59.6424780462286,61.097640085436105,58.48409370087717,58.68513488769531,151900,0.0,0.0
2018-01-10 00:00:00-05:00,58.665982273898706,58.665982273898706,55.53546999073568,56.387508392333984,97300,0.0,0.0
2018-01-11 00:00:00-05:00,56.76087494008947,57.93840654938583,56.253480598866815,57.794803619384766,87000,0.0,0.0
2018-01-12 00:00:00-05:00,57.81394855412177,59.54674085973444,57.4501571577885,59.23081588745117,96900,0.0,0.0
2018-01-16 00:00:00-05:00,59.62333242227884,60.446648146096734,57.871396291900176,58.1777458190918,110900,0.0,0.0
2018-01-17 00:00:00-05:00,58.53196128733197,59.25954414732891,57.13424112467259,57.26826858520508,87600,0.0,0.0
2018-01-18 00:00:00-05:00,57.182107979213235,58.800016646513,55.74609320228078,56.02372360229492,74300,0.0,0.0
2018-01-19 00:00:00-05:00,56.129028972201105,57.909687785859404,55.793956684097296,56.55025863647461,60200,0.0,0.0
2018-01-22 00:00:00-05:00,56.866187530880325,57.536324849183956,56.16732378126456,57.249122619628906,51800,0.0,0.0
2018-01-23 00:00:00-05:00,56.90447900250093,57.09594837460919,56.26306080570893,56.70343780517578,65800,0.0,0.0
2018-01-24 00:00:00-05:00,56.45452445122874,57.2778401113973,55.79395536706022,56.56940460205078,67300,0.0,0.0
2018-01-25 00:00:00-05:00,55.88011469714311,57.77565356205849,55.88011469714311,57.40229034423828,152800,0.0,0.0
2018-01-26 00:00:00-05:00,57.83310140647034,58.034142597965946,56.46410036575842,57.37357711791992,86900,0.0,0.0
2018-01-29 00:00:00-05:00,57.45015554663554,58.27347116431271,56.27262401855331,57.09593963623047,78200,0.0,0.0
2018-01-30 00:00:00-05:00,56.75129755668206,57.59376050363218,56.1864649840185,56.79916763305664,116900,0.0,0.0
2018-01-31 00:00:00-05:00,56.87575491462844,57.5554676569579,56.35878875061411,56.82788848876953,104800,0.0,0.0
2018-02-01 00:00:00-05:00,56.78960035173339,57.40229943720994,56.243915000482424,56.358795166015625,129100,0.0,0.0
2018-02-02 00:00:00-05:00,56.00457641430745,56.07159014520935,54.35794496477634,55.26742172241211,81700,0.0,0.0
2018-02-05 00:00:00-05:00,54.91320244975202,55.430168615754,52.98894071584718,53.53462600708008,70700,0.0,0.0
2018-02-06 00:00:00-05:00,52.69216526133882,56.425801171552855,52.64429883658752,54.04201889038086,168700,0.0,0.0
2018-02-07 00:00:00-05:00,53.888848397441755,53.888848397441755,52.12733680281808,52.90278244018555,73700,0.0,0.0
2018-02-08 00:00:00-05:00,52.81662020825524,53.07510329883083,51.083831431692865,51.14126968383789,99500,0.0,0.0
2018-02-09 00:00:00-05:00,52.0315879238837,52.0315879238837,50.375385056959814,51.35187530517578,81400,0.0,0.0
2018-02-12 00:00:00-05:00,51.495481750680334,52.18476623944131,50.490272313424654,51.73481750488281,133100,0.0,0.0
2018-02-13 00:00:00-05:00,51.323173349249466,52.29008844621536,50.2796690376458,51.48591995239258,109500,0.0,0.0
2018-02-14 00:00:00-05:00,50.97851514976279,53.06552319828657,50.97851514976279,52.60599899291992,67700,0.0,0.0
2018-02-15 00:00:00-05:00,52.807049477177976,53.89842011422743,50.27966407517411,53.65908432006836,51700,0.0,0.0
2018-02-16 00:00:00-05:00,53.400598822196216,55.31528508934674,52.902779954500176,54.07073974609375,40400,0.0,0.0
2018-02-20 00:00:00-05:00,53.697379031335494,54.156903318805874,52.32837799384117,52.90278244018555,55300,0.0,0.0
2018-02-21 00:00:00-05:00,52.66344679900172,53.410176963794584,52.08904235098359,52.57728576660156,39800,0.0,0.0
2018-02-22 00:00:00-05:00,53.850546792557466,58.340484401528535,53.8409749688851,56.7800178527832,130200,0.0,0.0
2018-02-23 00:00:00-05:00,56.77045100160775,59.62333329796386,56.77045100160775,58.97233963012695,71800,0.0,0.0
2018-02-26 00:00:00-05:00,58.98191514308823,59.766936275020406,58.31177417261639,59.40314483642578,63500,0.0,0.0
2018-02-27 00:00:00-05:00,59.36483847342443,59.70948254151552,57.450152452450624,57.67991638183594,72100,0.0,0.0
2018-02-28 00:00:00-05:00,57.67992490459754,58.76172368884654,56.83746190833443,57.34485626220703,140700,0.0,0.0
2018-03-01 00:00:00-05:00,57.392715725446806,58.694702838424355,56.827883188257246,58.3596305847168,66800,0.0,0.0
2018-03-02 00:00:00-05:00,57.660772966598245,59.92010320781946,57.14380682964613,57.947975158691406,65500,0.0,0.0
2018-03-05 00:00:00-05:00,57.55546763812748,59.74778427030585,56.713008317758515,58.87660217285156,114900,0.0,0.0
2018-03-06 00:00:00-05:00,59.01063427045969,59.75736079791359,57.900116304411156,59.40314483642578,101200,0.0,0.0
2018-03-07 00:00:00-05:00,59.6137518966589,60.101995243119354,58.68512797365645,60.02540969848633,71800,0.0,0.0
2018-03-08 00:00:00-05:00,60.04456112931224,60.44664348324421,58.00541927901316,58.61811828613281,120400,0.0,0.0
2018-03-09 00:00:00-05:00,58.80001060302373,59.21166842225862,57.5075988974089,57.67034912109375,62400,0.0,0.0
2018-03-12 00:00:00-04:00,57.55547215141756,57.95755819437422,55.97585806287751,57.249122619628906,165700,0.0,0.0
2018-03-13 00:00:00-04:00,57.27784262141051,57.27784262141051,56.1194546302851,56.58855438232422,139000,0.0,0.0
2018-03-14 00:00:00-04:00,56.63641755221051,57.77565452453439,56.339639877011834,57.49802780151367,113400,0.0,0.0
2018-03-15 00:00:00-04:00,57.50760218319387,58.04371565682248,56.20561492722028,56.7608757019043,69800,0.0,0.0
2018-03-16 00:00:00-04:00,56.77044652207825,57.89053987617049,56.339641385888925,57.584190368652344,493000,0.0,0.0
2018-03-19 00:00:00-04:00,57.258697586805205,58.03414323450053,56.58855662249515,57.957557678222656,107000,0.0,0.0
2018-03-20 00:00:00-04:00,58.0915805078608,58.0915805078608,57.4022922964587,57.69906997680664,61400,0.0,0.0
2018-03-21 00:00:00-04:00,57.7086467920014,58.57025713077012,57.00021487076888,57.842674255371094,64600,0.0,0.0
2018-03-22 00:00:00-04:00,57.3927142173357,58.73299224102579,57.08636474609375,57.08636474609375,75700,0.0,0.0
2018-03-23 00:00:00-04:00,57.23955131668403,57.51718172364229,56.43538287540892,56.70343780517578,102700,0.0,0.0
2018-03-26 00:00:00-04:00,57.287415547523565,58.56068006701162,55.35358190221916,56.033294677734375,103300,0.0,0.0
2018-03-27 00:00:00-04:00,56.05244208883438,56.885329627387094,54.97064328001804,55.43974304199219,102600,0.0,0.0
2018-03-28 00:00:00-04:00,55.53575782420973,56.82237476339028,55.53575782420973,56.65914535522461,71300,0.17,0.0
2018-03-29 00:00:00-04:00,56.92799105630468,57.8305417830363,56.889583707237016,57.244842529296875,84700,0.0,0.0
2018-04-02 00:00:00-04:00,57.15842588246981,57.5808993824016,54.79642893598785,55.21889877319336,144600,0.0,0.0
2018-04-03 00:00:00-04:00,55.804599547231454,57.07201275655486,55.017267210007105,56.46711349487305,90400,0.0,0.0
2018-04-04 00:00:00-04:00,55.94862985001973,57.79213879155303,55.43974525604523,57.44648361206055,50400,0.0,0.0
2018-04-05 00:00:00-04:00,57.7921425437958,58.36824187247409,56.39991074062549,58.0225830078125,40100,0.0,0.0
2018-04-06 00:00:00-04:00,57.84014974220648,59.405210874181535,57.31205781016867,58.31062698364258,54000,0.0,0.0
2018-04-09 00:00:00-04:00,58.51225088193034,59.53002357124594,58.40663617486483,58.877113342285156,46800,0.0,0.0
2018-04-10 00:00:00-04:00,59.16516583054689,60.10612390317468,58.67548495112709,59.56843566894531,46000,0.0,0.0
2018-04-11 00:00:00-04:00,59.52042508868311,61.13349336668433,59.43401038961821,60.92226028442383,35500,0.0,0.0
2018-04-12 00:00:00-04:00,61.248726305094145,61.248726305094145,60.13493868715415,60.874263763427734,64300,0.0,0.0
2018-04-13 00:00:00-04:00,61.085491788761765,61.66159105789399,60.557403539102125,61.13349914550781,45400,0.0,0.0
2018-04-16 00:00:00-04:00,61.67119314085435,63.773942416430465,60.97027183202705,63.581912994384766,62700,0.0,0.0
2018-04-17 00:00:00-04:00,63.78355668865443,64.27324131936572,62.82339476790121,63.68754196166992,55000,0.0,0.0
2018-04-18 00:00:00-04:00,63.677924892035485,65.19498216571081,62.68895949383339,64.69569396972656,137500,0.0,0.0
2018-04-19 00:00:00-04:00,64.67650668174319,65.17578765049366,63.62992639322681,63.79315948486328,35400,0.0,0.0
2018-04-20 00:00:00-04:00,63.879554317259434,64.71489760188528,63.30345878409946,63.45708084106445,32900,0.0,0.0
2018-04-23 00:00:00-04:00,63.62991470047386,63.62991470047386,61.99764268769062,63.43788528442383,38800,0.0,0.0
2018-04-24 00:00:00-04:00,63.706729306687826,64.1964138400091,62.80418226199003,63.591514587402344,36200,0.0,0.0
2018-04-25 00:00:00-04:00,63.41868150530004,64.57087258405394,61.80560959977325,63.658721923828125,39200,0.0,0.0
2018-04-26 00:00:00-04:00,61.68078688809636,61.73840157264747,57.196833410430195,58.761898040771484,126900,0.0,0.0
2018-04-27 00:00:00-04:00,57.17763429155357,57.46568209817247,53.91308637866162,54.758026123046875,200000,0.0,0.0
2018-04-30 00:00:00-04:00,54.46997149365779,54.55638619109204,50.715739483305335,50.88856887817383,118800,0.0,0.0
2018-05-01 00:00:00-04:00,50.629330070852035,50.65813375209477,48.72821019157491,49.966819763183594,97700,0.0,0.0
2018-05-02 00:00:00-04:00,49.79398595318165,51.09980644086299,49.669163907608116,50.20685577392578,78500,0.0,0.0
2018-05-03 00:00:00-04:00,50.06283410644304,50.21645984314834,49.09307233025205,50.0532341003418,92600,0.0,0.0
2018-05-04 00:00:00-04:00,50.00522756483939,51.20542979714379,49.14108049248961,50.81175994873047,92100,0.0,0.0
2018-05-07 00:00:00-04:00,50.85977135416711,51.94475154324085,49.32351028752321,50.43729782104492,116000,0.0,0.0
2018-05-08 00:00:00-04:00,50.312476222442974,50.48530562722298,49.51554022676559,49.90920639038086,79500,0.0,0.0
2018-05-09 00:00:00-04:00,49.78438325234885,50.571715562383794,49.74597956757919,50.16844940185547,72400,0.0,0.0
2018-05-10 00:00:00-04:00,50.226066963953585,50.830966283521064,49.85160077119173,50.139652252197266,48500,0.0,0.0
2018-05-11 00:00:00-04:00,50.178052733714146,50.485307871323414,49.89000493385236,50.18765640258789,33300,0.0,0.0
2018-05-14 00:00:00-04:00,50.226061391969125,50.226061391969125,49.08346658964551,49.55394744873047,75100,0.0,0.0
2018-05-15 00:00:00-04:00,49.35231299323042,49.6307571033943,48.814621121035,49.45792770385742,65200,0.0,0.0
2018-05-16 00:00:00-04:00,49.496337886332675,49.803589355837175,47.71043643063373,49.784385681152344,88600,0.0,0.0
2018-05-17 00:00:00-04:00,49.74598201656332,50.72534744956552,49.74598201656332,50.29327392578125,43500,0.0,0.0
2018-05-18 00:00:00-04:00,50.2356674005928,50.38929314917123,48.987457735552255,49.25630187988281,57200,0.0,0.0
2018-05-21 00:00:00-04:00,49.48674755979861,50.7541610350882,49.44834020291658,50.35089111328125,37400,0.0,0.0
2018-05-22 00:00:00-04:00,50.44690478116143,51.35905927668741,50.44690478116143,50.74455261230469,34700,0.0,0.0
2018-05-23 00:00:00-04:00,50.629333265096555,51.071006831407715,49.8612045274409,50.494911193847656,52700,0.0,0.0
2018-05-24 00:00:00-04:00,50.322085351001256,50.87898101463504,49.82280072031383,50.36049270629883,45200,0.0,0.0
2018-05-25 00:00:00-04:00,50.35089122108043,50.62933906498053,49.208299821847596,50.4181022644043,48500,0.0,0.0
2018-05-29 00:00:00-04:00,50.101242278333125,51.13821510242633,50.101242278333125,50.81175994873047,45400,0.0,0.0
2018-05-30 00:00:00-04:00,50.9365805500446,52.55925626586863,49.83239672553196,51.95435333251953,41900,0.0,0.0
2018-05-31 00:00:00-04:00,51.944749177164695,52.0695712301494,50.05323302151101,51.685508728027344,89200,0.0,0.0
2018-06-01 00:00:00-04:00,51.800730404605375,52.559259113890114,51.51268259402525,52.28081130981445,43100,0.0,0.0
2018-06-04 00:00:00-04:00,52.40563468311623,53.5866332999789,51.992764801278874,52.95292663574219,44600,0.0,0.0
2018-06-05 00:00:00-04:00,53.00092599686874,53.6442325707728,52.405626774897996,53.03933334350586,32600,0.0,0.0
2018-06-06 00:00:00-04:00,53.24097255257329,53.51942035368012,52.520851202437655,53.452205657958984,52900,0.0,0.0
2018-06-07 00:00:00-04:00,53.46180554756668,54.153123166896194,53.09694306372872,53.961090087890625,23700,0.0,0.0
2018-06-08 00:00:00-04:00,53.951479684041395,54.22992743070124,53.3177731663445,53.346580505371094,57000,0.0,0.0
2018-06-11 00:00:00-04:00,53.26977199375562,54.45077047443282,51.15741546897492,51.30144119262695,102300,0.0,0.0
2018-06-12 00:00:00-04:00,51.51267807299077,52.32881407512699,51.464667056502265,51.656700134277344,41500,0.0,0.0
2018-06-13 00:00:00-04:00,51.656696603631744,51.8487296682817,50.57171290167663,50.706138610839844,38600,0.0,0.0
2018-06-14 00:00:00-04:00,50.974986907667784,51.34944940011814,50.014825167958634,50.90777587890625,46100,0.0,0.0
2018-06-15 00:00:00-04:00,50.87897642240323,52.261608123779304,50.3028771331182,52.2616081237793,69000,0.0,0.0
2018-06-18 00:00:00-04:00,52.04077035276181,53.00093215387282,52.04077035276181,52.58806228637695,60500,0.0,0.0
2018-06-19 00:00:00-04:00,52.30001700648254,53.62503771889675,51.58949562771802,53.068145751953125,61900,0.0,0.0
2018-06-20 00:00:00-04:00,53.27937654806029,53.27937654806029,50.49490603781321,50.90777587890625,85000,0.0,0.0
2018-06-21 00:00:00-04:00,50.802161617304314,51.167024133516975,49.208293146766884,49.66917037963867,70300,0.0,0.0
2018-06-22 00:00:00-04:00,49.89000522689855,50.52371185540736,47.374382387997066,48.084903717041016,265200,0.0,0.0
2018-06-25 00:00:00-04:00,48.2865366338702,50.69654108201576,48.2865366338702,50.54291534423828,90000,0.0,0.0
2018-06-26 00:00:00-04:00,50.45649833027911,51.839133569770624,50.043628492122764,51.2822380065918,45700,0.0,0.0
2018-06-27 00:00:00-04:00,51.27263263998763,51.76231346095745,50.56211142034656,50.830955505371094,57900,0.0,0.0
2018-06-28 00:00:00-04:00,50.6190469999063,51.11030908323087,50.175950603809426,50.48419189453125,38900,0.17,0.0
2018-06-29 00:00:00-04:00,50.53234899112715,51.24515920315348,49.95439754588198,50.83095932006836,36200,0.0,0.0
2018-07-02 00:00:00-04:00,50.77316792338436,51.582302234592824,50.33970245764303,51.55340576171875,27500,0.0,0.0
2018-07-03 00:00:00-04:00,51.52451138269147,52.786373076485994,51.36075612252295,52.07356643676758,23300,0.0,0.0
2018-07-05 00:00:00-04:00,52.22768574367526,53.29689935023256,51.688261636670596,53.2198371887207,45400,0.0,0.0
2018-07-06 00:00:00-04:00,53.22946708411876,54.53949440807691,52.930860400395915,54.30831527709961,30900,0.0,0.0
2018-07-09 00:00:00-04:00,54.03859985796725,55.223406650073535,54.03859985796725,54.77067565917969,36100,0.0,0.0
2018-07-10 00:00:00-04:00,54.89590497488619,55.078922105084246,54.05787046536445,54.75141525268555,42900,0.0,0.0
2018-07-11 00:00:00-04:00,54.55876731690112,55.48349131475755,54.02897775612045,54.395015716552734,64900,0.0,0.0
2018-07-12 00:00:00-04:00,54.48170737061716,55.194514055374626,54.1445658958036,55.155982971191406,40500,0.0,0.0
2018-07-13 00:00:00-04:00,55.16561786548655,55.24267635972605,54.52986967127329,54.712886810302734,30800,0.0,0.0
2018-07-16 00:00:00-04:00,54.84774044728867,55.2812059485542,54.3083199786261,54.40464401245117,22500,0.0,0.0
2018-07-17 00:00:00-04:00,54.433534340758264,54.95369288353773,53.34505891825146,53.585872650146484,27800,0.0,0.0
2018-07-18 00:00:00-04:00,53.576238798321945,53.86521454576405,52.81527018744715,53.739994049072266,66600,0.0,0.0
2018-07-19 00:00:00-04:00,53.47028333564126,53.76889370792583,52.88270087331544,53.14277648925781,58200,0.0,0.0
2018-07-20 00:00:00-04:00,53.104247724269236,53.556975063190585,52.37217188658712,52.80563735961914,39600,0.0,0.0
2018-07-23 00:00:00-04:00,52.834532464816874,52.921225557178346,52.16988787306297,52.46849822998047,39600,0.0,0.0
2018-07-24 00:00:00-04:00,52.51666936709887,52.83454164463612,51.620841815225425,52.03504180908203,50300,0.0,0.0
2018-07-25 00:00:00-04:00,52.96939308059709,52.96939308059709,50.33007281294493,51.534141540527344,63700,0.0,0.0
2018-07-26 00:00:00-04:00,55.64724536521465,63.285854625285126,53.22947310218433,62.84275817871094,102800,0.0,0.0
2018-07-27 00:00:00-04:00,58.2383939818386,62.04325548210205,58.2383939818386,59.914459228515625,81900,0.0,0.0
2018-07-30 00:00:00-04:00,60.07821426785797,62.65010706914004,57.79530091075068,61.15706253051758,45600,0.0,0.0
2018-07-31 00:00:00-04:00,61.14742663477197,62.38039552691096,60.90661288604908,61.53273010253906,61800,0.0,0.0
2018-08-01 00:00:00-04:00,61.73500366527093,62.707893182277445,60.6465282624371,61.60978317260742,57200,0.0,0.0
2018-08-02 00:00:00-04:00,61.619417217750865,63.70004398324586,61.5905170720316,62.582672119140625,35200,0.0,0.0
2018-08-03 00:00:00-04:00,62.553775720854375,63.0931961145648,61.79280346598334,62.16847229003906,30300,0.0,0.0
2018-08-06 00:00:00-04:00,61.812072255519666,65.62656121493612,61.812072255519666,65.36648559570312,59300,0.0,0.0
2018-08-07 00:00:00-04:00,65.37611026781462,65.97332358012436,64.49954481399676,64.87521362304688,26800,0.0,0.0
2018-08-08 00:00:00-04:00,64.73073545895609,64.85596331698991,63.31475672969148,64.07572174072266,57800,0.0,0.0
2018-08-09 00:00:00-04:00,63.89270273820905,67.23519859793036,63.89270273820905,66.58018493652344,46000,0.0,0.0
2018-08-10 00:00:00-04:00,66.20450092170566,68.08284470828718,65.5013217342121,67.4085693359375,36200,0.0,0.0
2018-08-13 00:00:00-04:00,67.41821909086994,69.48921892429674,67.2833639713959,69.36399841308594,33200,0.0,0.0
2018-08-14 00:00:00-04:00,69.13281049595079,70.73181737853336,68.27551410436706,70.53916931152344,73900,0.0,0.0
2018-08-15 00:00:00-04:00,70.43320838535692,70.67402213583455,68.15992599292387,69.27729797363281,80400,0.0,0.0
2018-08-16 00:00:00-04:00,69.04610647908315,69.95156837059555,68.70896875853634,69.59516143798828,50300,0.0,0.0
2018-08-17 00:00:00-04:00,69.59516751569147,71.18453959312662,69.31582270882878,70.82813262939453,79800,0.0,0.0
2018-08-20 00:00:00-04:00,70.97263526180461,71.96478682777042,69.84562857128344,71.52169036865234,117900,0.0,0.0
2018-08-21 00:00:00-04:00,72.58125119134228,73.02434753870801,70.87629334715125,72.80280303955078,108700,0.0,0.0
2018-08-22 00:00:00-04:00,72.87024212592004,73.14958695744642,71.4735179682882,72.00331115722656,49100,0.0,0.0
2018-08-23 00:00:00-04:00,71.52168209352483,71.76249583794748,70.67402035881595,70.98226165771484,40900,0.0,0.0
2018-08-24 00:00:00-04:00,71.37719238012848,71.37719238012848,70.5969581998623,70.9244613647461,35200,0.0,0.0
2018-08-27 00:00:00-04:00,71.30976217414258,71.71432748597454,70.67401773398551,70.9629898071289,36300,0.0,0.0
2018-08-28 00:00:00-04:00,70.97263659876776,71.4927952385884,70.39468500420703,70.7607192993164,27000,0.0,0.0
2018-08-29 00:00:00-04:00,70.85703982072927,71.45426060324127,70.491005543801,71.03042602539062,24900,0.0,0.0
2018-08-30 00:00:00-04:00,70.75106697177344,71.25196361758837,69.22912986869304,69.55663299560547,39400,0.0,0.0
2018-08-31 00:00:00-04:00,69.43142455358466,71.33866540376205,69.37362425423953,70.53916931152344,63300,0.0,0.0
2018-09-04 00:00:00-04:00,70.01899839499902,71.79138381668638,69.35435018734056,70.79923248291016,47700,0.0,0.0
2018-09-05 00:00:00-04:00,70.87629414050214,71.57946607063019,70.03825976926937,70.55841827392578,24900,0.0,0.0
2018-09-06 00:00:00-04:00,70.74145743075412,71.53132632476621,69.98048501411208,70.7607192993164,30200,0.0,0.0
2018-09-07 00:00:00-04:00,70.76070799619171,71.28086655292361,70.31761159950572,70.7318115234375,27000,0.0,0.0
2018-09-10 00:00:00-04:00,70.91484796947188,72.53311694238003,69.57592387660155,71.6854476928711,30200,0.0,0.0
2018-09-11 00:00:00-04:00,71.46389093920044,72.36934564358697,70.92446314080688,71.17491149902344,42700,0.0,0.0
2018-09-12 00:00:00-04:00,70.99188684317328,71.66616971729862,69.98047355556335,70.84740447998047,50600,0.0,0.0
2018-09-13 00:00:00-04:00,71.20380665155047,71.5602136412795,70.63548973855119,71.22307586669922,45200,0.0,0.0
2018-09-14 00:00:00-04:00,70.86667337581848,71.76250086174602,69.94194941438568,70.25019073486328,95900,0.0,0.0
2018-09-17 00:00:00-04:00,70.32723104073794,71.1459961047664,70.06714814393271,70.31759643554688,48500,0.0,0.0
2018-09-18 00:00:00-04:00,70.29833457421525,71.05929935614783,69.48919676632735,70.31759643554688,51400,0.0,0.0
2018-09-19 00:00:00-04:00,70.25981684296858,70.69327862121281,68.94015494514315,69.35435485839844,54300,0.0,0.0
2018-09-20 00:00:00-04:00,69.71075593048427,70.55841755027623,69.16170096159775,69.96119689941406,50300,0.0,0.0
2018-09-21 00:00:00-04:00,69.83597855887274,70.56805432287948,69.59516483970421,69.73965454101562,136800,0.0,0.0
2018-09-24 00:00:00-04:00,69.48921175260529,70.62585289161623,69.38325311980368,69.60480499267578,47800,0.0,0.0
2018-09-25 00:00:00-04:00,70.13460162235857,70.80888460316584,68.94980196241168,69.03649139404297,45600,0.0,0.0
2018-09-26 00:00:00-04:00,69.06538326758265,69.30619702702198,67.72645935302411,67.81315612792969,55000,0.0,0.0
2018-09-27 00:00:00-04:00,67.88074381301253,71.00924246732018,67.56209845342192,70.59403991699219,145600,0.17,0.0
2018-09-28 00:00:00-04:00,70.38160341656004,71.99413119564221,70.38160341656004,71.33753204345703,40500,0.0,0.0
2018-10-01 00:00:00-04:00,71.5789425460019,71.69481560712711,68.61459154217215,68.95255279541016,28800,0.0,0.0
2018-10-02 00:00:00-04:00,68.85597172578227,69.68637671439367,67.72623727622042,69.48360443115234,44600,0.0,0.0
2018-10-03 00:00:00-04:00,69.59948663475798,69.6863858960937,68.19938158955965,68.41181182861328,63600,0.0,0.0
2018-10-04 00:00:00-04:00,68.4214680227166,69.41602105593803,67.43656555150457,69.3001480102539,43600,0.0,0.0
2018-10-05 00:00:00-04:00,69.57052809453653,70.36230893270387,67.7938446486231,69.50293731689453,62300,0.0,0.0
2018-10-08 00:00:00-04:00,69.51258217102536,70.38161164564895,68.93323164355684,70.07262420654297,25500,0.0,0.0
2018-10-09 00:00:00-04:00,69.89882478548364,70.94166025161694,69.60914581149918,70.60370635986328,87900,0.0,0.0
2018-10-10 00:00:00-04:00,70.60368997508937,72.84385043792972,70.20779596030728,70.22711181640625,58400,0.0,0.0
2018-10-11 00:00:00-04:00,70.17882119975556,70.4974664859407,67.78416364017596,68.04487609863281,47500,0.0,0.0
2018-10-12 00:00:00-04:00,68.60493096162696,70.68093626072287,68.17041257098462,68.65320587158203,52500,0.0,0.0
2018-10-15 00:00:00-04:00,68.68217662573232,71.07683478924206,68.13179252298798,70.42989349365234,67400,0.0,0.0
2018-10-16 00:00:00-04:00,70.48782479712865,71.90723833817643,69.48361380640887,70.59403991699219,69400,0.0,0.0
2018-10-17 00:00:00-04:00,70.51679187199824,71.66584234290696,69.88915907611931,71.32788848876953,33000,0.0,0.0
2018-10-18 00:00:00-04:00,71.02854169296148,72.26449125358795,70.00502234435028,70.30435180664062,34400,0.0,0.0
2018-10-19 00:00:00-04:00,70.18849871301319,72.17760493304277,70.18849871301319,71.45341491699219,53300,0.0,0.0
2018-10-22 00:00:00-04:00,71.5016930356626,72.30312434130352,71.0575167021885,71.4051284790039,43300,0.0,0.0
2018-10-23 00:00:00-04:00,70.7678316727694,71.27959131162224,70.21744769196768,70.9706039428711,59800,0.0,0.0
2018-10-24 00:00:00-04:00,70.98028238742991,71.71412299606081,67.82280966368769,68.30560302734375,49500,0.0,0.0
2018-10-25 00:00:00-04:00,71.68515750235804,80.25957246683876,68.90427034370715,78.50220489501953,208900,0.0,0.0
2018-10-26 00:00:00-04:00,77.30485876725508,81.09961429824963,77.30485876725508,79.1587905883789,134200,0.0,0.0
2018-10-29 00:00:00-04:00,80.12437912248146,81.93002134549062,77.26623631032926,78.63737487792969,125400,0.0,0.0
2018-10-30 00:00:00-04:00,78.86911786754192,84.61435548836856,78.86911786754192,83.23356628417969,318500,0.0,0.0
2018-10-31 00:00:00-04:00,84.15087670463627,84.45986413312964,81.04168656157353,81.58241271972656,96600,0.0,0.0
2018-11-01 00:00:00-04:00,81.58240917111631,83.7936033528704,80.02781416720553,80.26921081542969,66500,0.0,0.0
2018-11-02 00:00:00-04:00,81.12859488216282,81.73691924485722,79.3615767417801,80.1436996459961,108500,0.0,0.0
2018-11-05 00:00:00-05:00,80.20161551588295,81.64034476211242,80.07609191796334,80.39473724365234,52900,0.0,0.0
2018-11-06 00:00:00-05:00,80.25955595484069,81.79483501923139,79.92159477195558,80.76165771484375,88800,0.0,0.0
2018-11-07 00:00:00-05:00,80.66511767132388,84.03501335325358,80.66511767132388,83.05976867675781,84900,0.0,0.0
2018-11-08 00:00:00-05:00,82.3162617172887,83.21425759433278,81.56310531076943,82.4128189086914,40800,0.0,0.0
2018-11-09 00:00:00-05:00,82.00727014256816,82.00727014256816,80.06643901598514,81.0899658203125,42400,0.0,0.0
2018-11-12 00:00:00-05:00,81.09962004836999,81.9396830794857,80.27887287553726,80.95478057861328,41200,0.0,0.0
2018-11-13 00:00:00-05:00,81.21549070797406,82.56731344119342,79.74779492899033,80.28852844238281,53200,0.0,0.0
2018-11-14 00:00:00-05:00,80.96443518863974,82.54799662822141,78.90773837630093,79.3712158203125,43200,0.0,0.0
2018-11-15 00:00:00-05:00,78.90773823059611,81.01271731593478,78.62771723222066,81.00305938720703,60400,0.0,0.0
2018-11-16 00:00:00-05:00,81.0030722200743,83.55222066180181,81.0030722200743,83.15633392333984,109700,0.0,0.0
2018-11-19 00:00:00-05:00,83.23356411545535,84.77850860869066,81.95899006532514,82.93423461914062,52100,0.0,0.0
2018-11-20 00:00:00-05:00,82.44179144904778,82.95355859846926,79.67056227919107,79.75746154785156,39800,0.0,0.0
2018-11-21 00:00:00-05:00,80.24025684689992,80.98376276422816,78.9077497940056,80.1436996459961,24600,0.0,0.0
2018-11-23 00:00:00-05:00,79.51605019270227,81.37963251185089,78.72426952360932,80.76165771484375,17300,0.0,0.0
2018-11-26 00:00:00-05:00,81.5823997782014,82.3065896394949,80.85820991690791,80.97408294677734,52800,0.0,0.0
2018-11-27 00:00:00-05:00,80.88720041882284,83.33014113317783,80.88720041882284,83.2625503540039,60600,0.0,0.0
2018-11-28 00:00:00-05:00,83.76465497178162,85.2709680236828,83.07908922721525,85.1164779663086,59700,0.0,0.0
2018-11-29 00:00:00-05:00,84.77850951996722,85.19371206778996,82.7990539710083,83.39772033691406,52600,0.0,0.0
2018-11-30 00:00:00-05:00,83.40736107085107,85.72477019570091,81.32169801527458,81.64999389648438,229800,0.0,0.0
2018-12-03 00:00:00-05:00,81.5631022002726,83.7163562171183,78.45391213452365,79.1974105834961,67900,0.0,0.0
2018-12-04 00:00:00-05:00,78.4442498239261,80.26920782721487,75.04538838487103,75.42196655273438,119100,0.0,0.0
2018-12-06 00:00:00-05:00,75.4316211373088,78.29940689618253,73.53907245359946,76.56135559082031,115700,0.0,0.0
2018-12-07 00:00:00-05:00,76.46481912225138,78.00009855947336,74.86194153856414,74.98747253417969,66800,0.0,0.0
2018-12-10 00:00:00-05:00,74.99710863637708,75.25782114096594,72.69901520549254,73.63563537597656,72000,0.0,0.0
2018-12-11 00:00:00-05:00,73.74184987907408,76.1847827515035,73.74184987907408,74.26326751708984,43000,0.0,0.0
2018-12-12 00:00:00-05:00,74.55294930742158,77.08278915028356,74.28258620618361,77.02484893798828,59200,0.0,0.0
2018-12-13 00:00:00-05:00,77.03449633661971,77.09242917415311,74.53363062521449,75.35437774658203,32500,0.0,0.0
2018-12-14 00:00:00-05:00,74.81365073932446,76.68688367703261,74.72674411720409,75.34471893310547,41800,0.0,0.0
2018-12-17 00:00:00-05:00,75.00676784459073,76.08822749531353,71.2023542597727,71.74308776855469,89800,0.0,0.0
2018-12-18 00:00:00-05:00,72.4479606295139,74.98745807460789,71.63687143043974,73.63563537597656,88900,0.0,0.0
2018-12-19 00:00:00-05:00,73.50045821748725,76.29100303780987,70.89336985063188,72.05207824707031,56000,0.0,0.0
2018-12-20 00:00:00-05:00,71.55963077125564,72.57349975079502,69.0877311820024,70.64232635498047,42100,0.0,0.0
2018-12-21 00:00:00-05:00,70.44920066595753,70.9513098462954,68.33456355809605,68.96219635009766,333200,0.0,0.0
2018-12-24 00:00:00-05:00,68.97185316821741,68.97185316821741,66.10405970288657,66.13302612304688,26900,0.0,0.0
2018-12-26 00:00:00-05:00,66.87653262136814,69.56086229674592,65.66954932367372,69.31946563720703,37300,0.0,0.0
2018-12-27 00:00:00-05:00,68.44077198515124,69.1939356820027,67.26276258275851,68.97184753417969,38400,0.0,0.0
2018-12-28 00:00:00-05:00,69.21382707082678,70.68501685769064,68.08138997700756,70.07524871826172,85700,0.17,0.0
2018-12-31 00:00:00-05:00,69.8816694760992,69.8816694760992,66.8328212540743,69.23318481445312,61900,0.0,0.0
2019-01-02 00:00:00-05:00,68.44918901654228,69.95909520871395,68.2265710445197,69.7945556640625,61800,0.0,0.0
2019-01-03 00:00:00-05:00,69.71712629053596,70.24946882655445,68.46854711148734,69.06864166259766,50400,0.0,0.0
2019-01-04 00:00:00-05:00,69.46545724541132,71.99165056140876,69.46545724541132,71.0624771118164,88700,0.0,0.0
2019-01-07 00:00:00-05:00,71.15929057229391,72.09814533115092,66.8425007831844,71.66259765625,82800,0.0,0.0
2019-01-08 00:00:00-05:00,72.10782497161357,74.69209021511475,70.83989108344821,74.65337371826172,66700,0.0,0.0
2019-01-09 00:00:00-05:00,73.8693834507333,74.03392302067509,71.71098494800215,73.62741088867188,121500,0.0,0.0
2019-01-10 00:00:00-05:00,73.52094032012958,74.3339719458773,70.80117116142627,73.3757553100586,77000,0.0,0.0
2019-01-11 00:00:00-05:00,73.36607957184802,75.2050650307314,72.8530915667276,73.6758041381836,91100,0.0,0.0
2019-01-14 00:00:00-05:00,73.14347108928766,74.71145606398265,72.1271833008788,73.03700256347656,59200,0.0,0.0
2019-01-15 00:00:00-05:00,73.04666274310196,74.2081278411965,72.1949147790453,73.28863525390625,42800,0.0,0.0
2019-01-16 00:00:00-05:00,73.67580931175812,74.44044350393332,72.39819446285672,73.3080062866211,39600,0.0,0.0
2019-01-17 00:00:00-05:00,73.27896985331397,74.53723013056862,72.96924526906282,74.29525756835938,62800,0.0,0.0
2019-01-18 00:00:00-05:00,74.36300276067695,76.12456255639648,73.54029760160861,73.75322723388672,53700,0.0,0.0
2019-01-22 00:00:00-05:00,73.12410486835167,73.61772353537681,71.03345856889483,72.75630187988281,48000,0.0,0.0
2019-01-23 00:00:00-05:00,73.05635846076417,76.96662852653367,72.34011436739978,73.61772918701172,74900,0.0,0.0
2019-01-24 00:00:00-05:00,73.54029941453787,73.70483897352463,72.31107474583435,72.77566528320312,61600,0.0,0.0
2019-01-25 00:00:00-05:00,73.35639688279308,73.77258995133987,72.34010925035541,72.4272232055664,53300,0.0,0.0
2019-01-28 00:00:00-05:00,72.15620441944348,72.99826401635745,71.53675539332164,72.27234649658203,36800,0.0,0.0
2019-01-29 00:00:00-05:00,71.30445499512759,72.34009700653944,70.99473048847399,71.1399154663086,52000,0.0,0.0
2019-01-30 00:00:00-05:00,71.23672022214025,71.9432833468309,70.06557391729443,71.1689682006836,30900,0.0,0.0
2019-01-31 00:00:00-05:00,71.3722177608096,72.54336395892733,71.11089066883946,72.18524932861328,40600,0.0,0.0
2019-02-01 00:00:00-05:00,72.11748891359655,73.39510347040982,71.38189041591164,71.73033142089844,43200,0.0,0.0
2019-02-04 00:00:00-05:00,71.92391412780117,72.4078591990622,70.20107085561843,71.28511047363281,30800,0.0,0.0
2019-02-05 00:00:00-05:00,71.53676293398891,71.59483397867943,70.2397863220472,70.9366683959961,38000,0.0,0.0
2019-02-06 00:00:00-05:00,70.89795437844556,71.4980489373764,69.25254405653469,69.63969421386719,23300,0.0,0.0
2019-02-07 00:00:00-05:00,69.39772176452266,70.90763544088408,69.39772176452266,70.75276947021484,28300,0.0,0.0
2019-02-08 00:00:00-05:00,69.78488229233413,71.18832752000698,69.78488229233413,70.23979187011719,25300,0.0,0.0
2019-02-11 00:00:00-05:00,70.24945780490654,71.23670235341221,69.13638283067526,69.68807983398438,34400,0.0,0.0
2019-02-12 00:00:00-05:00,70.2010718795641,71.29479248259301,69.71712680124429,71.18832397460938,50600,0.0,0.0
2019-02-13 00:00:00-05:00,71.19799671014903,71.57547327598267,69.39772044951972,70.51079559326172,46200,0.0,0.0
2019-02-14 00:00:00-05:00,70.13332540409456,70.90764054433892,68.86539156175047,70.49144744873047,61900,0.0,0.0
2019-02-15 00:00:00-05:00,70.78180375011976,74.73079731981862,70.62694516658699,72.95955657958984,64700,0.0,0.0
2019-02-19 00:00:00-05:00,72.53369134032553,75.22442481797201,71.91424222537451,74.75983428955078,57000,0.0,0.0
2019-02-20 00:00:00-05:00,74.67271706313845,74.67271706313845,71.82711802062353,72.71757507324219,94500,0.0,0.0
2019-02-21 00:00:00-05:00,65.51648157927114,66.94895475586243,55.24716728657524,57.492671966552734,267500,0.0,0.0
2019-02-22 00:00:00-05:00,58.644461759460924,60.560883729192,57.899185933641995,58.57670974731445,141900,0.0,0.0
2019-02-25 00:00:00-05:00,58.74124802192214,59.71881907694726,53.882439344508775,54.72450637817383,128800,0.0,0.0
2019-02-26 00:00:00-05:00,54.724513360182875,55.37299802863071,53.35010734201825,53.60176086425781,76800,0.0,0.0
2019-02-27 00:00:00-05:00,53.41786243409451,53.863094762389075,52.13057030067856,53.59208297729492,60600,0.0,0.0
2019-02-28 00:00:00-05:00,53.60176102079136,54.38574973017699,53.437217764660645,54.32767868041992,146400,0.0,0.0
2019-03-01 00:00:00-05:00,54.734190637711414,54.86969467635973,53.13717400651724,53.60176086425781,54300,0.0,0.0
2019-03-04 00:00:00-05:00,53.717906342413514,55.10198963003613,52.614512100187504,53.708229064941406,60500,0.0,0.0
2019-03-05 00:00:00-05:00,53.69854809526118,54.269603463526515,52.62418937765961,53.708229064941406,38800,0.0,0.0
2019-03-06 00:00:00-05:00,53.71789963395503,54.240561165172,52.81776156092836,53.83404541015625,85900,0.0,0.0
2019-03-07 00:00:00-05:00,53.56304221556734,54.29863712102091,52.779049847793104,53.29203414916992,50500,0.0,0.0
2019-03-08 00:00:00-05:00,53.26299770029468,53.988915366319596,52.372540468897384,53.388824462890625,32700,0.0,0.0
2019-03-11 00:00:00-04:00,53.3984977245234,54.83097839355469,53.28235194051283,54.83097839355469,90500,0.0,0.0
2019-03-12 00:00:00-04:00,54.86969210565591,56.14730682763689,54.37606974624834,54.95680236816406,42600,0.0,0.0
2019-03-13 00:00:00-04:00,54.9374385876496,55.40202906903094,53.892119235060576,53.93083572387695,29500,0.0,0.0
2019-03-14 00:00:00-04:00,53.88244668795953,54.88905340126083,53.73726537051934,54.22121047973633,36400,0.0,0.0
2019-03-15 00:00:00-04:00,54.33734868428211,54.47285270518733,53.40817509046835,53.61143112182617,109600,0.0,0.0
2019-03-18 00:00:00-04:00,53.87276862742404,54.201851444597416,52.740338860573594,53.708229064941406,52400,0.0,0.0
2019-03-19 00:00:00-04:00,53.78565775556823,54.36639039476503,52.60483053803227,53.088775634765625,44200,0.0,0.0
2019-03-20 00:00:00-04:00,53.09845291617706,54.598681873404594,52.614507853057994,53.53400421142578,62800,0.0,0.0
2019-03-21 00:00:00-04:00,53.514645370186116,55.66335891581698,53.514645370186116,54.192169189453125,66500,0.0,0.0
2019-03-22 00:00:00-04:00,53.86309553036881,54.47286374805595,52.566122408167075,53.379150390625,67900,0.0,0.0
2019-03-25 00:00:00-04:00,53.224287334723705,54.056669861759886,52.895204496701645,53.59208297729492,41700,0.0,0.0
2019-03-26 00:00:00-04:00,53.775981083870505,54.685796546781326,53.40818177239246,53.708229064941406,80700,0.0,0.0
2019-03-27 00:00:00-04:00,53.630794418668245,54.49221608317678,53.456573891890336,54.01795196533203,46400,0.0,0.0
2019-03-28 00:00:00-04:00,54.115036735727955,55.07617360607141,53.9305733559834,54.64900207519531,60500,0.17,0.0
2019-03-29 00:00:00-04:00,54.83345871687559,55.41596935782114,54.43541144546609,54.7460823059082,56000,0.0,0.0
2019-04-01 00:00:00-04:00,54.920838572192345,56.19265003303718,54.90142117926086,56.124691009521484,62300,0.0,0.0
2019-04-02 00:00:00-04:00,55.911100228772966,56.24118848296245,54.94995970221016,55.04704666137695,44500,0.0,0.0
2019-04-03 00:00:00-04:00,55.35771955723442,56.299442726556975,54.85287846148877,55.72664260864258,45100,0.0,0.0
2019-04-04 00:00:00-04:00,55.82373135079094,56.726619823700275,55.386849234304286,56.10527801513672,32700,0.0,0.0
2019-04-05 00:00:00-04:00,56.19265259894552,57.38679454259215,56.04702399705407,57.15378952026367,85100,0.0,0.0
2019-04-08 00:00:00-04:00,57.144079107463526,57.144079107463526,55.77518440840607,56.64894485473633,42600,0.0,0.0
2019-04-09 00:00:00-04:00,57.05670451605374,57.05670451605374,55.610140200339615,55.78489303588867,45400,0.0,0.0
2019-04-10 00:00:00-04:00,55.7266398900517,58.396470127400214,55.678094559308896,57.988712310791016,58300,0.0,0.0
2019-04-11 00:00:00-04:00,57.75571507264193,58.250845630970005,57.22174602490015,57.4838752746582,30400,0.0,0.0
2019-04-12 00:00:00-04:00,57.6974605527189,58.0955078335738,56.736320009270365,57.56154251098633,38800,0.0,0.0
2019-04-15 00:00:00-04:00,57.551828539277274,57.794540371785686,56.61010914751694,56.988739013671875,27300,0.0,0.0
2019-04-16 00:00:00-04:00,56.91107332318498,57.046991366082615,56.28002473780467,56.73632049560547,28300,0.0,0.0
2019-04-17 00:00:00-04:00,56.89165838513965,57.17320503099571,56.07614638908388,56.65865707397461,40600,0.0,0.0
2019-04-18 00:00:00-04:00,56.42564747018513,58.16346513169656,56.241187805224286,57.988712310791016,29800,0.0,0.0
2019-04-22 00:00:00-04:00,58.085801591905465,58.085801591905465,56.872242344574886,57.726585388183594,34300,0.0,0.0
2019-04-23 00:00:00-04:00,57.97900676083024,58.26054968658321,57.309119697910795,58.134342193603516,36400,0.0,0.0
2019-04-24 00:00:00-04:00,58.08580789329127,58.823650366177304,57.36737911139836,58.639190673828125,49700,0.0,0.0
2019-04-25 00:00:00-04:00,57.78483988606687,61.40610038111975,56.852827235522824,60.31875228881836,113600,0.0,0.0
2019-04-26 00:00:00-04:00,59.949828774588454,60.95951099015573,58.33822218967835,59.46440505981445,80200,0.0,0.0
2019-04-29 00:00:00-04:00,59.745944242986475,59.99836291361528,58.464426092280235,58.522674560546875,49500,0.0,0.0
2019-04-30 00:00:00-04:00,58.69743303894934,59.29936109473077,57.96929748741378,59.270233154296875,35600,0.0,0.0
2019-05-01 00:00:00-04:00,59.31877117802017,59.580900405058166,58.67801207975687,58.76538848876953,90800,0.0,0.0
2019-05-02 00:00:00-04:00,58.76539273169594,59.36732079434915,57.69746205864755,58.00813293457031,36500,0.0,0.0
2019-05-03 00:00:00-04:00,58.270265864356624,60.25079560118926,58.270265864356624,60.241085052490234,25200,0.0,0.0
2019-05-06 00:00:00-04:00,59.27023258202336,61.28959693645904,59.27023258202336,61.15367889404297,40900,0.0,0.0
2019-05-07 00:00:00-04:00,60.77504628972857,61.38668119405066,58.833351472759745,59.31877517700195,37800,0.0,0.0
2019-05-08 00:00:00-04:00,59.551785196362054,60.406132024705784,57.600383370616484,58.91102600097656,43000,0.0,0.0
2019-05-09 00:00:00-04:00,58.59064311488045,59.7750782089855,58.59064311488045,59.63916015625,33700,0.0,0.0
2019-05-10 00:00:00-04:00,59.27023357087075,60.629421424685596,58.87218628137324,60.56146240234375,32100,0.0,0.0
2019-05-13 00:00:00-04:00,59.629449886052384,60.192543196859106,58.42560109606915,59.13431930541992,39300,0.0,0.0
2019-05-14 00:00:00-04:00,59.318775055544435,60.017786373338424,59.03723212231203,60.008079528808594,19400,0.0,0.0
2019-05-15 00:00:00-04:00,59.59061690744122,61.28959992753429,58.20230477188605,60.43525314331055,33900,0.0,0.0
2019-05-16 00:00:00-04:00,60.61970925804581,60.67796143427871,59.231397204150404,59.30906677246094,24900,0.0,0.0
2019-05-17 00:00:00-04:00,58.90130981366092,59.716821775492946,58.1537605768464,58.34792709350586,24900,0.0,0.0
2019-05-20 00:00:00-04:00,57.775126980987075,58.99839677547956,57.63920893792989,58.34792709350586,34600,0.0,0.0
2019-05-21 00:00:00-04:00,58.54210136933243,59.61003580238834,57.67804771847565,59.085777282714844,40000,0.0,0.0
2019-05-22 00:00:00-04:00,58.911016090260716,59.66827582009665,57.64891530603794,58.736263275146484,41900,0.0,0.0
2019-05-23 00:00:00-04:00,58.367347139799314,58.93044043348422,56.51302867487097,56.7751579284668,56900,0.0,0.0
2019-05-24 00:00:00-04:00,57.26058025179311,58.930438995361335,57.11495536123083,58.93043899536133,39800,0.0,0.0
2019-05-28 00:00:00-04:00,58.83335413973333,60.89155340553252,58.580935431620134,60.16341781616211,43500,0.0,0.0
2019-05-29 00:00:00-04:00,59.88186881529253,60.36729252248297,58.42559769372119,58.81393814086914,25500,0.0,0.0
2019-05-30 00:00:00-04:00,58.42560079196318,59.41586565156296,58.17317837688465,58.83335494995117,65100,0.0,0.0
2019-05-31 00:00:00-04:00,58.202300344543076,58.78480728286911,56.55185908130091,56.79457092285156,44400,0.0,0.0
2019-06-03 00:00:00-04:00,56.64894536852326,57.16349701852314,55.61984947550147,56.88195037841797,33200,0.0,0.0
2019-06-04 00:00:00-04:00,57.37708320975115,58.14405358938391,56.425653146600915,57.056705474853516,34100,0.0,0.0
2019-06-05 00:00:00-04:00,57.19262128712873,58.71685143819932,56.6004037691671,58.49355697631836,33100,0.0,0.0
2019-06-06 00:00:00-04:00,58.75568841547161,59.90128870854259,58.62947720935657,59.105194091796875,33400,0.0,0.0
2019-06-07 00:00:00-04:00,59.35761391585363,60.629425438936686,59.07606725980261,60.493507385253906,46900,0.0,0.0
2019-06-10 00:00:00-04:00,60.40612968285057,61.16338951072397,60.01778922043445,60.347877502441406,54200,0.0,0.0
2019-06-11 00:00:00-04:00,60.969218300419996,61.31872397028402,59.19256941659664,60.503211975097656,68800,0.0,0.0
2019-06-12 00:00:00-04:00,60.464375115449826,62.988576883596195,59.98866196160534,62.30898666381836,46700,0.0,0.0
2019-06-13 00:00:00-04:00,62.444908255841796,63.72642660522187,60.30904310571197,60.396419525146484,68200,0.0,0.0
2019-06-14 00:00:00-04:00,60.71679783962354,61.22163893665508,59.91099271258599,60.56146240234375,56300,0.0,0.0
2019-06-17 00:00:00-04:00,60.61000577735227,60.61000577735227,56.96932788925321,57.09553909301758,58300,0.0,0.0
2019-06-18 00:00:00-04:00,57.35766666650644,59.05664963122302,56.872242962301705,57.0858268737793,43600,0.0,0.0
2019-06-19 00:00:00-04:00,57.04699535140983,58.11492978383416,55.998482016172105,58.09551239013672,66800,0.0,0.0
2019-06-20 00:00:00-04:00,58.48385482752635,58.949861181498,57.76542605047258,57.78484344482422,66800,0.0,0.0
2019-06-21 00:00:00-04:00,57.43533364399686,58.53239227369039,56.58098687109904,57.4838752746582,115600,0.0,0.0
2019-06-24 00:00:00-04:00,57.54212750140985,58.06638600136204,56.513027894483976,56.67807388305664,63000,0.0,0.0
2019-06-25 00:00:00-04:00,56.69749418186849,57.03728931768454,54.91113467467293,55.40626525878906,44400,0.0,0.0
2019-06-26 00:00:00-04:00,55.707220656562335,56.4353561517643,53.493686232776064,53.697566986083984,45300,0.0,0.0
2019-06-27 00:00:00-04:00,54.11631759423682,55.34335873420673,53.73652038445315,55.01225280761719,54000,0.17,0.0
2019-06-28 00:00:00-04:00,54.97329958985646,58.13828136580587,54.69088493980948,56.21981430053711,193200,0.0,0.0
2019-07-01 00:00:00-04:00,56.940458834636736,57.0183641478256,56.05426407203516,56.765167236328125,44700,0.0,0.0
2019-07-02 00:00:00-04:00,56.667784153103256,57.42738236032907,56.28798690694392,57.13522720336914,45500,0.0,0.0
2019-07-03 00:00:00-04:00,57.25209051474977,58.94657110057492,56.638569888547565,58.03116226196289,30400,0.0,0.0
2019-07-05 00:00:00-04:00,57.41763353510273,59.112117596771945,57.41763353510273,58.333045959472656,39100,0.0,0.0
2019-07-08 00:00:00-04:00,58.41095644917101,58.51807950535081,56.9307183494919,57.154701232910156,109900,0.0,0.0
2019-07-09 00:00:00-04:00,57.28130332857788,58.44017229577895,55.92766549998067,56.50223159790039,44900,0.0,0.0
2019-07-10 00:00:00-04:00,56.73594637029494,57.70978687844554,55.63550927081761,56.85280990600586,82200,0.0,0.0
2019-07-11 00:00:00-04:00,56.94045843459848,57.44685596894265,56.0347864213358,56.17112350463867,56300,0.0,0.0
2019-07-12 00:00:00-04:00,56.38536913965244,57.904558014957566,56.38536913965244,56.93071746826172,55300,0.0,0.0
2019-07-15 00:00:00-04:00,56.97941171013938,57.42738120820061,55.976357083749164,56.317203521728516,41200,0.0,0.0
2019-07-16 00:00:00-04:00,57.06706246206223,57.06706246206223,56.02505322982842,56.35615921020508,68600,0.0,0.0
2019-07-17 00:00:00-04:00,56.3658966351269,57.67084322631539,56.3658966351269,56.83333969116211,67100,0.0,0.0
2019-07-18 00:00:00-04:00,56.765166555551765,57.446855683586875,56.31720079409411,57.067054748535156,65800,0.0,0.0
2019-07-19 00:00:00-04:00,56.85281783668074,57.485812026334024,56.56066638646329,56.73595428466797,84400,0.0,0.0
2019-07-22 00:00:00-04:00,56.901502085859406,56.901502085859406,54.905129755646044,55.01225280761719,62600,0.0,0.0
2019-07-23 00:00:00-04:00,55.40178808603178,56.03478592710564,54.603239135238006,55.83028030395508,56300,0.0,0.0
2019-07-24 00:00:00-04:00,56.30745784138612,56.677518274376666,55.67446002560544,56.14190673828125,88900,0.0,0.0
2019-07-25 00:00:00-04:00,51.44800063152367,57.31051776874989,49.15947299478716,56.064002990722656,109300,0.0,0.0
2019-07-26 00:00:00-04:00,56.473019624845506,58.917357965378926,56.14191366289007,56.44380187988281,71800,0.0,0.0
2019-07-29 00:00:00-04:00,56.122428713513706,61.605148020403384,54.40846736360015,55.02198791503906,75000,0.0,0.0
2019-07-30 00:00:00-04:00,54.60324114842901,55.71341881778579,53.69756910976279,55.45048141479492,107300,0.0,0.0
2019-07-31 00:00:00-04:00,55.440750295684204,56.823602280276035,54.340309285401304,54.79801559448242,143100,0.0,0.0
2019-08-01 00:00:00-04:00,54.79801386964429,55.538131129738204,53.142484020201955,53.24960708618164,83500,0.0,0.0
2019-08-02 00:00:00-04:00,52.97692860951969,54.03841498173136,52.06151609418247,53.61966323852539,67100,0.0,0.0
2019-08-05 00:00:00-04:00,52.811372391827874,52.869804161985364,51.03898289435949,51.701194763183594,114500,0.0,0.0
2019-08-06 00:00:00-04:00,52.00308201115793,54.07735951467739,51.80831317632195,53.15221405029297,86500,0.0,0.0
2019-08-07 00:00:00-04:00,52.46078557089434,53.08404288315646,51.47720832152566,52.158897399902344,55800,0.0,0.0
2019-08-08 00:00:00-04:00,52.34393093655074,54.48638094577236,52.19785336425339,54.14553451538086,81000,0.0,0.0
2019-08-09 00:00:00-04:00,54.27213463952189,56.823595898352316,53.064574410417336,53.29829406738281,52800,0.0,0.0
2019-08-12 00:00:00-04:00,52.76268737084123,53.51254512646232,52.168643972563004,52.947715759277344,57500,0.0,0.0
2019-08-13 00:00:00-04:00,52.8503281011985,55.25571549429638,52.8503281011985,54.19422912597656,64900,0.0,0.0
2019-08-14 00:00:00-04:00,53.32751212041381,53.872864219336016,51.818059862660995,51.94466018676758,55200,0.0,0.0
2019-08-15 00:00:00-04:00,52.12968385844986,52.743204449898755,51.53564052394138,51.720672607421875,88600,0.0,0.0
2019-08-16 00:00:00-04:00,52.139426777890684,52.704252395897335,51.35061455206852,52.57765579223633,62200,0.0,0.0
2019-08-19 00:00:00-04:00,53.24959629873942,53.76573055036472,52.67503028253319,53.015872955322266,46500,0.0,0.0
2019-08-20 00:00:00-04:00,52.90875987539877,53.30803435993005,52.44131313335084,52.451053619384766,45600,0.0,0.0
2019-08-21 00:00:00-04:00,52.93797124060893,53.064571548332665,52.22706810707943,52.49000549316406,46100,0.0,0.0
2019-08-22 00:00:00-04:00,52.60686717497296,52.9769276256817,52.158901411692696,52.29523849487305,36700,0.0,0.0
2019-08-23 00:00:00-04:00,52.08099206085687,52.4607892801889,50.40598512953935,50.737091064453125,65000,0.0,0.0
2019-08-26 00:00:00-04:00,51.30191723641341,55.83027699434602,51.19479418828282,54.817481994628906,176300,0.0,0.0
2019-08-27 00:00:00-04:00,55.49917305391777,55.58681884960551,54.10658080849426,54.69088363647461,100600,0.0,0.0
2019-08-28 00:00:00-04:00,54.91486466852585,57.61240327317727,54.320821374896674,56.239288330078125,58300,0.0,0.0
2019-08-29 00:00:00-04:00,56.96967015957584,56.96967015957584,55.72315548844417,55.771846771240234,64500,0.0,0.0
2019-08-30 00:00:00-04:00,56.07374677258888,56.70674097023589,55.33362579345703,55.33362579345703,57000,0.0,0.0
2019-09-03 00:00:00-04:00,55.02199503566252,55.976358397571886,54.486383437588835,55.39205551147461,116900,0.0,0.0
2019-09-04 00:00:00-04:00,55.95687788121114,56.492489448098084,55.21676068758851,56.122432708740234,71700,0.0,0.0
2019-09-05 00:00:00-04:00,56.91124099007726,58.00194509203025,56.17112379902273,56.37562942504883,66400,0.0,0.0
2019-09-06 00:00:00-04:00,56.77491041116725,57.38843107444789,56.08348442591061,56.3366813659668,35100,0.0,0.0
2019-09-09 00:00:00-04:00,56.53144240911794,57.71952905259203,56.21981373458488,56.91123962402344,48600,0.0,0.0
2019-09-10 00:00:00-04:00,56.959940427406416,58.76154411782868,55.78159043465746,57.88508605957031,43100,0.0,0.0
2019-09-11 00:00:00-04:00,57.99220995991466,59.06343690377398,57.53450738058794,58.43043899536133,69000,0.0,0.0
2019-09-12 00:00:00-04:00,58.25514783632372,59.56983123802792,58.23567057738423,58.77128219604492,75200,0.0,0.0
2019-09-13 00:00:00-04:00,59.09264961911295,60.82608474861915,58.664161080051635,60.45602798461914,60800,0.0,0.0
2019-09-16 00:00:00-04:00,60.08596619338624,60.44628617779329,58.790756402953065,59.24846267700195,40900,0.0,0.0
2019-09-17 00:00:00-04:00,58.90762146104668,58.91735823280699,57.992208889475684,58.459651947021484,36300,0.0,0.0
2019-09-18 00:00:00-04:00,58.45964715598086,58.70310729401497,57.58319288800219,58.48886489868164,46600,0.0,0.0
2019-09-19 00:00:00-04:00,58.64468475670029,59.10238733313606,57.89482701520724,58.15776443481445,39600,0.0,0.0
2019-09-20 00:00:00-04:00,58.18697512387976,59.17055248304651,57.70979160127546,58.81997299194336,126700,0.0,0.0
2019-09-23 00:00:00-04:00,58.518079511409674,59.277673960898646,58.11880502963895,58.186973571777344,49900,0.0,0.0
2019-09-24 00:00:00-04:00,58.18697624312855,58.59598751473656,56.89176645322233,57.43711853027344,56700,0.0,0.0
2019-09-25 00:00:00-04:00,57.55397283014724,58.59598188182505,57.154698368428704,58.410953521728516,46400,0.0,0.0
2019-09-26 00:00:00-04:00,58.781017400894555,59.725643942585826,58.05063697337828,58.849185943603516,51400,0.0,0.0
2019-09-27 00:00:00-04:00,58.85895528279182,59.776946600447815,57.394073380458686,57.55032730102539,37400,0.17,0.0
2019-09-30 00:00:00-04:00,57.63821683652071,57.833535156621764,57.00343322753906,57.00343322753906,45200,0.0,0.0
2019-10-01 00:00:00-04:00,57.26710999432984,57.26710999432984,55.31393432617187,55.313934326171875,30200,0.0,0.0
2019-10-02 00:00:00-04:00,55.177212986894254,55.51901724090607,54.20062514641825,54.76704788208008,82200,0.0,0.0
2019-10-03 00:00:00-04:00,54.679157662089494,55.59714893858798,53.32169736412957,53.897884368896484,31900,0.0,0.0
2019-10-04 00:00:00-04:00,53.58537968406097,54.6498606968019,53.58537968406097,54.25922775268555,27900,0.0,0.0
2019-10-07 00:00:00-04:00,54.34712081705452,54.85494327186704,53.00919264550602,54.25922775268555,61200,0.0,0.0
2019-10-08 00:00:00-04:00,53.878351573493205,57.15968744769982,52.97989251171084,54.99166488647461,83500,0.0,0.0
2019-10-09 00:00:00-04:00,55.431122955189046,56.456543145225076,55.040490062906315,55.17721176147461,42400,0.0,0.0
2019-10-10 00:00:00-04:00,55.421360820218354,55.811997452718316,54.35687990831234,54.82564163208008,45400,0.0,0.0
2019-10-11 00:00:00-04:00,55.41160341626615,56.573741766962115,54.74752329432918,55.343238830566406,42600,0.0,0.0
2019-10-14 00:00:00-04:00,55.17721510916314,55.499490897101595,54.03460908004416,54.33734893798828,45100,0.0,0.0
2019-10-15 00:00:00-04:00,54.43500948315865,55.88035908292065,54.015076401257666,55.11861801147461,35300,0.0,0.0
2019-10-16 00:00:00-04:00,55.02095914897548,56.04637563765665,54.41547573024543,55.499488830566406,43300,0.0,0.0
2019-10-17 00:00:00-04:00,55.47995601619651,56.163564517537026,55.21627685479934,55.70457077026367,69600,0.0,0.0
2019-10-18 00:00:00-04:00,55.47996023786089,56.466312382983574,54.698686933358594,55.8120002746582,88800,0.0,0.0
2019-10-21 00:00:00-04:00,56.15380220245896,56.192866611127485,55.04049263311562,55.66550827026367,52100,0.0,0.0
2019-10-22 00:00:00-04:00,55.81199692107201,55.81199692107201,54.757280258601206,54.87446975708008,27900,0.0,0.0
2019-10-23 00:00:00-04:00,54.70845261020734,56.808114283414874,54.70845261020734,55.66550827026367,41600,0.0,0.0
2019-10-24 00:00:00-04:00,59.571865792739295,63.39032830762944,57.61868986510849,60.59728240966797,96200,0.0,0.0
2019-10-25 00:00:00-04:00,60.6949406553578,62.34537289731078,58.78082550284388,59.03474044799805,52100,0.0,0.0
2019-10-28 00:00:00-04:00,59.48397053989218,60.675409004064505,59.25935576351969,60.37266540527344,67200,0.0,0.0
2019-10-29 00:00:00-04:00,59.991791725466335,60.47031768416975,59.14216134187978,59.972259521484375,51100,0.0,0.0
2019-10-30 00:00:00-04:00,59.91365949009979,60.28476389380298,57.862826619072194,58.30229187011719,56100,0.0,0.0
2019-10-31 00:00:00-04:00,58.312061602537916,58.38042245632011,56.76905468452775,57.843299865722656,40700,0.0,0.0
2019-11-01 00:00:00-04:00,58.2437022217134,58.83942144149841,55.313938498485264,57.04249954223633,72100,0.0,0.0
2019-11-04 00:00:00-05:00,57.677276009959854,58.27299143038067,57.41359686056699,57.88235855102539,36000,0.0,0.0
2019-11-05 00:00:00-05:00,57.97026271414916,59.05427596100422,57.97026271414916,58.42926025390625,53000,0.0,0.0
2019-11-06 00:00:00-05:00,58.41948478422394,58.5757386909283,56.954603011850445,57.22804641723633,36500,0.0,0.0
2019-11-07 00:00:00-05:00,57.80423430413027,57.83353447330085,56.310056064977516,56.63233184814453,36400,0.0,0.0
2019-11-08 00:00:00-05:00,56.49561118807981,56.837419204425146,55.66551292410339,55.88036346435547,44700,0.0,0.0
2019-11-11 00:00:00-05:00,55.665508510799356,56.15380244510462,55.63621206686491,56.0073127746582,60700,0.0,0.0
2019-11-12 00:00:00-05:00,55.753405042626085,56.43701733833461,55.33347193492173,55.8217658996582,44000,0.0,0.0
2019-11-13 00:00:00-05:00,55.82176568240419,55.82176568240419,54.17133342915769,54.66939163208008,51500,0.0,0.0
2019-11-14 00:00:00-05:00,54.52289997930904,54.82563982037484,53.71233029754223,53.81975555419922,30900,0.0,0.0
2019-11-15 00:00:00-05:00,54.200631591559876,54.200631591559876,53.04825750473536,53.47795486450195,58200,0.0,0.0
2019-11-18 00:00:00-05:00,53.43888836662001,54.28851875336932,53.116612587798585,53.67326736450195,50800,0.0,0.0
2019-11-19 00:00:00-05:00,53.751393750609566,54.649852744182525,53.19473899907266,53.76115798950195,42700,0.0,0.0
2019-11-20 00:00:00-05:00,53.60491309527169,54.68892633839837,52.794347017100485,53.11661911010742,53800,0.0,0.0
2019-11-21 00:00:00-05:00,53.351002327610296,53.351002327610296,52.25722110902081,52.413475036621094,64500,0.0,0.0
2019-11-22 00:00:00-05:00,52.60878673249528,53.438888644899635,51.974006861654686,53.204505920410156,54500,0.0,0.0
2019-11-25 00:00:00-05:00,53.27286622113554,54.77681239713433,53.27286622113554,54.220157623291016,43700,0.0,0.0
2019-11-26 00:00:00-05:00,54.03460870177008,54.03460870177008,52.92129539927512,53.41935729980469,59900,0.0,0.0
2019-11-27 00:00:00-05:00,53.57561291835135,54.405711145184185,53.526784268311864,53.770931243896484,34400,0.0,0.0
2019-11-29 00:00:00-05:00,54.06390575080142,55.069790077271854,53.770930131239716,54.835411071777344,24000,0.0,0.0
2019-12-02 00:00:00-05:00,54.64985599134259,54.85493854874972,53.55607862645083,54.04437255859375,58100,0.0,0.0
2019-12-03 00:00:00-05:00,53.14591271602807,55.05025990144395,53.14591271602807,54.56196594238281,85300,0.0,0.0
2019-12-04 00:00:00-05:00,54.76704666767776,55.06978650726472,54.12249513088437,54.21038818359375,52100,0.0,0.0
2019-12-05 00:00:00-05:00,54.32758364836228,55.157681838496266,54.10296888780117,54.59126281738281,58800,0.0,0.0
2019-12-06 00:00:00-05:00,55.14791818082177,55.23581123808912,54.59126339325759,55.11861801147461,43800,0.0,0.0
2019-12-09 00:00:00-05:00,54.92330496621098,54.96236565079655,53.341229890799106,54.161563873291016,57700,0.0,0.0
2019-12-10 00:00:00-05:00,54.24945406652899,54.77681239713433,53.88811760684177,54.220157623291016,32800,0.0,0.0
2019-12-11 00:00:00-05:00,54.366642608680706,54.59126108751121,53.81975580912655,54.239688873291016,31900,0.0,0.0
2019-12-12 00:00:00-05:00,55.08932142143665,55.35300059253951,54.11273355456105,54.62055969238281,42500,0.0,0.0
2019-12-13 00:00:00-05:00,54.74751921565912,56.19286886590643,54.35688256407349,55.8901252746582,54400,0.0,0.0
2019-12-16 00:00:00-05:00,56.18309753689663,58.673399522229715,56.18309753689663,57.618682861328125,78400,0.0,0.0
2019-12-17 00:00:00-05:00,57.45266623780497,58.22416782458319,57.31594080654294,58.20463562011719,39900,0.0,0.0
2019-12-18 00:00:00-05:00,58.30229596630924,58.32182817054873,57.23781505027294,57.833534240722656,48100,0.0,0.0
2019-12-19 00:00:00-05:00,57.687042318680476,58.54644064471933,57.364770274782714,58.41948318481445,59700,0.0,0.0
2019-12-20 00:00:00-05:00,58.61481213123017,58.72223740715322,56.72999699563711,56.89601516723633,476600,0.0,0.0
2019-12-23 00:00:00-05:00,56.886238756064024,56.886238756064024,55.49948588272846,55.55807876586914,40500,0.0,0.0
2019-12-24 00:00:00-05:00,55.59715123579512,55.64597988729044,55.06979285871617,55.58738327026367,23500,0.0,0.0
2019-12-26 00:00:00-05:00,55.49949133242564,55.49949133242564,54.210391895947595,54.44477462768555,43500,0.0,0.0
2019-12-27 00:00:00-05:00,54.4936014598354,54.83540944366473,53.741628365875286,54.32758331298828,30600,0.0,0.0
2019-12-30 00:00:00-05:00,54.3961594809834,55.493293451116486,54.023921201609156,54.895748138427734,231800,0.17,0.0
2019-12-31 00:00:00-05:00,54.7585988954667,55.68919818742966,54.259010314941406,54.259010314941406,147400,0.0,0.0
2020-01-02 00:00:00-05:00,54.60186664963749,55.52267178277107,53.77901815777967,55.248390197753906,58000,0.0,0.0
2020-01-03 00:00:00-05:00,54.65084558492217,55.27777706447314,54.49411271503443,54.9349250793457,69400,0.0,0.0
2020-01-06 00:00:00-05:00,54.5039103350665,56.25736199699697,54.48431825798941,56.03205871582031,77500,0.0,0.0
2020-01-07 00:00:00-05:00,55.97328085298371,56.47286946187021,55.44430599774149,56.06144332885742,40700,0.0,0.0
2020-01-08 00:00:00-05:00,55.90471145974976,56.5708271257157,55.58145153359938,55.97328186035156,45800,0.0,0.0
2020-01-09 00:00:00-05:00,56.051646801509975,56.5806178976975,55.65001859204567,55.82634353637695,58900,0.0,0.0
2020-01-10 00:00:00-05:00,55.93409267973665,56.07123720542139,54.4549265095105,54.55288314819336,73000,0.0,0.0
2020-01-13 00:00:00-05:00,54.56268324255143,55.05247392922279,54.317787899215745,54.95451354980469,33700,0.0,0.0
2020-01-14 00:00:00-05:00,54.71942438982216,55.09166641430452,54.366774444186966,54.827178955078125,98500,0.0,0.0
2020-01-15 00:00:00-05:00,54.748805583518966,55.28757462323537,54.55288854994756,54.70962142944336,31900,0.0,0.0
2020-01-16 00:00:00-05:00,54.856555116921825,55.493284483537174,54.856555116921825,55.150428771972656,33400,0.0,0.0
2020-01-17 00:00:00-05:00,55.4345112903697,55.64022248647816,54.69982524414822,55.25818634033203,32900,0.0,0.0
2020-01-21 00:00:00-05:00,55.1308425595504,55.69900159163428,54.944723430147064,55.16023254394531,35300,0.0,0.0
2020-01-22 00:00:00-05:00,55.503086297301465,56.31614071629209,55.07207179298289,55.52267837524414,56300,0.0,0.0
2020-01-23 00:00:00-05:00,55.42471511887235,55.875321647447,55.1798197789766,55.8067512512207,70000,0.0,0.0
2020-01-24 00:00:00-05:00,55.875325317614305,55.96348779523998,54.69003269149654,55.22880172729492,31800,0.0,0.0
2020-01-27 00:00:00-05:00,54.39615069069823,55.38552993809708,54.39615069069823,55.150428771972656,39500,0.0,0.0
2020-01-28 00:00:00-05:00,55.41491445629108,57.912846051617684,55.41491445629108,57.207550048828125,58800,0.0,0.0
2020-01-29 00:00:00-05:00,57.10959733284791,57.129189410108694,55.934098854847626,56.46307373046875,53600,0.0,0.0
2020-01-30 00:00:00-05:00,56.012461203543104,57.148775406105386,56.012461203543104,56.992042541503906,34400,0.0,0.0
2020-01-31 00:00:00-05:00,56.845110262664306,57.57979634906499,56.06144585119824,56.688377380371094,39700,0.0,0.0
2020-02-03 00:00:00-05:00,56.82551763797423,57.178167553939154,56.23777026923711,56.62960433959961,35900,0.0,0.0
2020-02-04 00:00:00-05:00,57.070410554565626,57.393674209296776,55.66961259448342,56.02225875854492,40400,0.0,0.0
2020-02-05 00:00:00-05:00,56.4924604760007,57.28592279642764,56.4924604760007,57.26633071899414,34700,0.0,0.0
2020-02-06 00:00:00-05:00,57.56019473465318,57.71692759097766,57.15856655677131,57.44264602661133,31900,0.0,0.0
2020-02-07 00:00:00-05:00,57.35449276171709,57.638572277126826,56.81572371522713,57.599388122558594,20100,0.0,0.0
2020-02-10 00:00:00-05:00,57.35449037635509,58.1283605812627,57.13898500880592,57.92264938354492,27400,0.0,0.0
2020-02-11 00:00:00-05:00,58.29489000873398,58.61815367848026,58.08917880260816,58.3438720703125,47100,0.0,0.0
2020-02-12 00:00:00-05:00,58.686719143441486,59.44099723925507,58.17733638769181,59.36262893676758,53800,0.0,0.0
2020-02-13 00:00:00-05:00,59.186302994051594,59.578137026263136,58.383046591143575,59.45079040527344,17800,0.0,0.0
2020-02-14 00:00:00-05:00,59.42140758844347,60.12670739238672,59.42140758844347,59.969974517822266,33700,0.0,0.0
2020-02-18 00:00:00-05:00,59.70548107394442,61.370770033860055,58.11856041181593,60.31282043457031,29800,0.0,0.0
2020-02-19 00:00:00-05:00,60.60670500924609,61.4197594298102,59.72508392096009,60.067935943603516,54500,0.0,0.0
2020-02-20 00:00:00-05:00,57.060617614727214,62.066279260019805,56.717765613052336,61.01812744140625,66300,0.0,0.0
2020-02-21 00:00:00-05:00,61.25322185775398,61.48832303070054,60.17568384569761,60.910369873046875,38800,0.0,0.0
2020-02-24 00:00:00-05:00,59.37242847561363,59.83283292337207,58.26550046178054,58.961002349853516,26900,0.0,0.0
2020-02-25 00:00:00-05:00,59.088349698655456,60.2050718958139,56.71776450634459,57.53081512451172,23800,0.0,0.0
2020-02-26 00:00:00-05:00,57.56020036243781,58.294886398941806,56.65898728466,57.246734619140625,26000,0.0,0.0
2020-02-27 00:00:00-05:00,56.37491272197534,56.854909285370574,54.71942138671875,54.71942138671875,43900,0.0,0.0
2020-02-28 00:00:00-05:00,52.701474287746,53.583098970788114,50.820679946331076,52.799434661865234,70900,0.0,0.0
2020-03-02 00:00:00-05:00,52.7994404870737,54.131668090820305,51.20272171242774,54.13166809082031,50100,0.0,0.0
2020-03-03 00:00:00-05:00,53.79860743511355,56.20838046268293,52.701477339098986,54.97410583496094,81200,0.0,0.0
2020-03-04 00:00:00-05:00,55.395325690324775,57.55040545029275,53.62228580332715,56.23776626586914,44700,0.0,0.0
2020-03-05 00:00:00-05:00,55.15043546398557,56.570829328690664,53.92595863868924,56.00267028808594,63600,0.0,0.0
2020-03-06 00:00:00-05:00,54.43533849144879,55.64022317371734,52.79943933532364,54.38636016845703,36600,0.0,0.0
2020-03-09 00:00:00-04:00,51.888429758797926,54.14146630981201,49.01825585800994,49.64518737792969,44200,0.0,0.0
2020-03-10 00:00:00-04:00,50.57578695735276,54.04350215195491,48.22479018495226,51.731693267822266,41000,0.0,0.0
2020-03-11 00:00:00-04:00,50.58558218399697,51.84924306899149,49.02804763051235,50.52680969238281,45900,0.0,0.0
2020-03-12 00:00:00-04:00,47.97989612058778,47.97989612058778,44.512177096880485,45.87379837036133,68500,0.0,0.0
2020-03-13 00:00:00-04:00,48.24437612262178,52.60351339273762,43.17994289996465,50.36027145385742,52800,0.0,0.0
2020-03-16 00:00:00-04:00,46.77501636943315,57.364293671826495,45.726864469104534,52.78964614868164,93300,0.0,0.0
2020-03-17 00:00:00-04:00,52.23128479748614,68.57070436515656,52.23128479748614,61.4687385559082,124300,0.0,0.0
2020-03-18 00:00:00-04:00,57.7953033952392,57.7953033952392,36.25430646864924,37.72367858886719,84300,0.0,0.0
2020-03-19 00:00:00-04:00,38.10572149193116,63.633612754031645,38.10572149193116,61.4687385559082,99200,0.0,0.0
2020-03-20 00:00:00-04:00,60.14630124177693,60.14630124177693,42.04363314352453,56.384708404541016,89600,0.0,0.0
2020-03-23 00:00:00-04:00,56.75694752062159,56.75694752062159,45.472168837222995,50.44844436645508,58300,0.0,0.0
2020-03-24 00:00:00-04:00,52.603517624424605,53.88676676189943,48.81253896283024,51.868831634521484,58100,0.0,0.0
2020-03-25 00:00:00-04:00,51.310474827551666,52.40760495029883,48.53825766922388,50.232933044433594,52900,0.0,0.0
2020-03-26 00:00:00-04:00,50.88925315493225,56.0026653890246,49.99783425356928,54.21003341674805,55000,0.0,0.0
2020-03-27 00:00:00-04:00,52.20189218909762,56.4728675671381,50.64435765879031,52.3292350769043,44400,0.0,0.0
2020-03-30 00:00:00-04:00,52.987652278122425,61.51756425073715,52.987652278122425,59.61111068725586,74400,0.17,0.0
2020-03-31 00:00:00-04:00,59.39491366866685,61.41929498077837,55.67045047007202,57.694828033447266,65800,0.0,0.0
2020-04-01 00:00:00-04:00,55.92595763224785,56.387831967630454,52.40786207921402,54.91376876831055,52300,0.0,0.0
2020-04-02 00:00:00-04:00,53.52814628016204,57.311573430569844,52.41768435405102,54.048980712890625,61600,0.0,0.0
2020-04-03 00:00:00-04:00,54.117767143064995,55.48373161945606,50.530878932714934,55.46407699584961,47200,0.0,0.0
2020-04-06 00:00:00-04:00,57.67517196642708,58.81511390280456,52.683013744614016,55.9161262512207,61600,0.0,0.0
2020-04-07 00:00:00-04:00,56.85952493034908,56.85952493034908,50.835519661099106,54.38309860229492,76800,0.0,0.0
2020-04-08 00:00:00-04:00,56.14214791802566,58.14687077547132,55.680273638994805,57.6162109375,62400,0.0,0.0
2020-04-09 00:00:00-04:00,58.95269927494493,63.56160194046234,56.50575284991338,63.099727630615234,66500,0.0,0.0
2020-04-13 00:00:00-04:00,62.48062183951102,63.75813866930927,58.96252284377253,60.98690414428711,53400,0.0,0.0
2020-04-14 00:00:00-04:00,62.03840095197298,63.62055880165247,60.082808999889586,60.318660736083984,29800,0.0,0.0
2020-04-15 00:00:00-04:00,58.304112359885565,60.76088425270927,56.67281222426367,57.2624397277832,44100,0.0,0.0
2020-04-16 00:00:00-04:00,58.64805867280801,59.42439948729359,54.91376616154566,59.20820236206055,88300,0.0,0.0
2020-04-17 00:00:00-04:00,60.98690212972053,64.33793858403145,58.96252089607688,63.24713134765625,50100,0.0,0.0
2020-04-20 00:00:00-04:00,60.81001924221871,63.95468803036664,60.81001924221871,62.598548889160156,29900,0.0,0.0
2020-04-21 00:00:00-04:00,60.75105772929593,65.45823378201509,59.99437150328319,63.84659194946289,46800,0.0,0.0
2020-04-22 00:00:00-04:00,60.937764251050446,65.63511434098064,60.937764251050446,64.23966979980469,61900,0.0,0.0
2020-04-23 00:00:00-04:00,65.4385755531177,68.78961616809337,61.50774409224895,67.95431518554688,87000,0.0,0.0
2020-04-24 00:00:00-04:00,66.0478572677042,68.96650359090027,66.0478572677042,68.16068267822266,77500,0.0,0.0
2020-04-27 00:00:00-04:00,68.87805180410817,69.1630382376448,66.8045432659133,67.67915344238281,76100,0.0,0.0
2020-04-28 00:00:00-04:00,69.49716745878743,70.26367912234458,67.01091539713094,69.24166107177734,85600,0.0,0.0
2020-04-29 00:00:00-04:00,72.70079617245187,78.26292376422796,70.0671364389067,74.78413391113281,552800,0.0,0.0
2020-04-30 00:00:00-04:00,68.58324187133915,72.9366417629328,60.918114671827034,61.04586410522461,133700,0.0,0.0
2020-05-01 00:00:00-04:00,59.35560832993716,61.42912058517475,56.16180498227261,56.37799835205078,76000,0.0,0.0
2020-05-04 00:00:00-04:00,55.424773582225946,57.144513850750414,53.85243737319038,55.09065246582031,63900,0.0,0.0
2020-05-05 00:00:00-04:00,56.584371751631906,56.584371751631906,52.20148786773669,52.496299743652344,66400,0.0,0.0
2020-05-06 00:00:00-04:00,52.79111134126882,54.805663379876584,51.12050584020282,53.24315643310547,80200,0.0,0.0
2020-05-07 00:00:00-04:00,53.79347428922305,56.102838166116655,53.79347428922305,55.96525955200195,52200,0.0,0.0
2020-05-08 00:00:00-04:00,56.751427567065605,57.93067875976486,55.40511769434153,56.33869171142578,57700,0.0,0.0
2020-05-11 00:00:00-04:00,55.70976164255954,57.54742983459817,54.23569841292191,55.552528381347656,53800,0.0,0.0
2020-05-12 00:00:00-04:00,55.48374126065934,56.66299264080747,53.744346130969795,53.98019790649414,56900,0.0,0.0
2020-05-13 00:00:00-04:00,53.20384972590083,53.243158974563705,50.2458981156412,52.633880615234375,62800,0.0,0.0
2020-05-14 00:00:00-04:00,51.40549694254362,53.52814772895197,50.412958988750574,53.3414306640625,52000,0.0,0.0
2020-05-15 00:00:00-04:00,53.02695837209022,53.93105228826105,51.91650028583697,53.08592224121094,32700,0.0,0.0
2020-05-18 00:00:00-04:00,54.94324072232906,58.549783433633195,54.94324072232906,57.724308013916016,62700,0.0,0.0
2020-05-19 00:00:00-04:00,57.05607015288831,57.94050575970938,53.99001621944697,54.34379196166992,34600,0.0,0.0
2020-05-20 00:00:00-04:00,54.93342057256352,56.00457325900037,54.06863582373486,55.640968322753906,47800,0.0,0.0
2020-05-21 00:00:00-04:00,55.96526229537708,57.14451350789441,55.4051186254602,56.49592590332031,24400,0.0,0.0
2020-05-22 00:00:00-04:00,57.00692711522765,57.44914675730551,55.50338408089889,56.58436584472656,15100,0.0,0.0
2020-05-26 00:00:00-04:00,57.00693308872233,58.2549736543692,56.712121212690434,57.38036346435547,36300,0.0,0.0
2020-05-27 00:00:00-04:00,58.65788173746563,60.918114776664446,57.89137014081615,60.387451171875,40100,0.0,0.0
2020-05-28 00:00:00-04:00,61.25223469893448,61.25223469893448,58.08791150452866,58.461341857910156,40500,0.0,0.0
2020-05-29 00:00:00-04:00,58.36307272959921,58.71684848343952,55.87682076328521,58.372901916503906,57400,0.0,0.0
2020-06-01 00:00:00-04:00,58.7954631947209,60.89845920842806,57.773445249208734,59.60128402709961,57600,0.0,0.0
2020-06-02 00:00:00-04:00,60.32848652743789,60.85915012543572,58.834768852741874,60.14177322387695,52200,0.0,0.0
2020-06-03 00:00:00-04:00,60.91811516328959,62.755779418868336,60.12211975105354,61.43894958496094,37300,0.0,0.0
2020-06-04 00:00:00-04:00,61.18344312205581,62.49044751615038,59.44405199040156,61.4979133605957,45800,0.0,0.0
2020-06-05 00:00:00-04:00,63.91537571179513,64.78015668174942,61.6354917933043,62.18580627441406,47500,0.0,0.0
2020-06-08 00:00:00-04:00,63.19798780681201,64.59343971998179,60.81983478893686,64.58361053466797,35100,0.0,0.0
2020-06-09 00:00:00-04:00,63.345411056153644,65.79235397346157,61.527401197933116,64.31829071044922,37100,0.0,0.0
2020-06-10 00:00:00-04:00,64.46568995503144,65.17324142668889,60.66260829234503,61.075347900390625,59900,0.0,0.0
2020-06-11 00:00:00-04:00,58.69718984518761,60.21056213370658,57.842234331018545,58.461341857910156,45300,0.0,0.0
2020-06-12 00:00:00-04:00,60.47589437964077,61.14413659644512,57.527768275646096,58.85442352294922,38000,0.0,0.0
2020-06-15 00:00:00-04:00,57.46880354646745,59.83713133138669,56.623673476135615,59.2966423034668,39000,0.0,0.0
2020-06-16 00:00:00-04:00,61.43894919503025,62.70664433467071,59.97471156301558,60.387451171875,29700,0.0,0.0
2020-06-17 00:00:00-04:00,59.846965831916194,60.25970171757387,58.43186279826365,58.61857986450195,26500,0.0,0.0
2020-06-18 00:00:00-04:00,57.95033716261467,60.18108651251482,56.59419801513963,56.997108459472656,48000,0.0,0.0
2020-06-19 00:00:00-04:00,57.03641305471788,58.6480547005134,50.5112279772355,54.894107818603516,218500,0.0,0.0
2020-06-22 00:00:00-04:00,54.55999130901866,58.60875038797083,53.813130545227516,58.13705062866211,49800,0.0,0.0
2020-06-23 00:00:00-04:00,58.63822647639545,59.463701936411304,55.8375081738789,56.33869171142578,41700,0.0,0.0
2020-06-24 00:00:00-04:00,55.5426972463189,57.1052042594387,54.57964315157169,56.49592590332031,45200,0.0,0.0
2020-06-25 00:00:00-04:00,56.68264118248797,58.30411212470568,55.96526424252548,57.97981643676758,40600,0.0,0.0
2020-06-26 00:00:00-04:00,57.547426903168635,57.891373473069,55.080825791929584,56.90866470336914,103300,0.0,0.0
2020-06-29 00:00:00-04:00,57.677429598858566,59.54021678077274,57.24376607156727,57.51973342895508,29300,0.17,0.0
2020-06-30 00:00:00-04:00,57.53945072738833,61.09747485285571,57.53945072738833,59.69791793823242,70600,0.0,0.0
2020-07-01 00:00:00-04:00,59.91475374847384,61.15661076477913,59.017855970094,60.328704833984375,37800,0.0,0.0
2020-07-02 00:00:00-04:00,61.205885725850344,62.06336221533313,58.416633882861355,58.68274688720703,33400,0.0,0.0
2020-07-06 00:00:00-04:00,59.83590089399126,60.23999759315555,58.40677713751195,59.97388458251953,24600,0.0,0.0
2020-07-07 00:00:00-04:00,59.18539891858254,59.89503355656071,58.278646889853306,58.48562240600586,27900,0.0,0.0
2020-07-08 00:00:00-04:00,58.239227620880676,60.062589982606816,57.58873039218001,59.579647064208984,35400,0.0,0.0
2020-07-09 00:00:00-04:00,59.55007321855672,59.678202535990756,57.0663593960983,57.8449821472168,30800,0.0,0.0
2020-07-10 00:00:00-04:00,58.032252376437846,59.628926716778615,57.92383554447993,58.73202896118164,31300,0.0,0.0
2020-07-13 00:00:00-04:00,59.33324435625852,59.69791606321618,57.835128784179695,57.83512878417969,30200,0.0,0.0
2020-07-14 00:00:00-04:00,57.79570197527312,60.25970703056118,57.79570197527312,60.04287338256836,21700,0.0,0.0
2020-07-15 00:00:00-04:00,61.27487578270101,62.19148596214259,60.24985253926196,61.23545455932617,41500,0.0,0.0
2020-07-16 00:00:00-04:00,60.900350968156374,61.964799216522586,57.184630825316525,58.495479583740234,53000,0.0,0.0
2020-07-17 00:00:00-04:00,58.20966240911759,58.889726516627896,57.01708098959552,58.564476013183594,32300,0.0,0.0
2020-07-20 00:00:00-04:00,58.49547971123102,59.993595266818545,58.05196179997961,58.07167053222656,18000,0.0,0.0
2020-07-21 00:00:00-04:00,58.5151880896197,59.48107757207517,57.805557225640605,58.57432556152344,26900,0.0,0.0
2020-07-22 00:00:00-04:00,58.26879420162544,58.77145337035515,56.238456313158174,56.39615249633789,32400,0.0,0.0
2020-07-23 00:00:00-04:00,56.1398889228874,57.57886693811275,55.86392156648069,57.214195251464844,30100,0.0,0.0
2020-07-24 00:00:00-04:00,56.97765379211857,56.97765379211857,55.93291430359039,56.47499465942383,17900,0.0,0.0
2020-07-27 00:00:00-04:00,56.38629282732948,56.681972692730184,54.898035374274286,56.2581672668457,28200,0.0,0.0
2020-07-28 00:00:00-04:00,55.92305800680272,57.243764810566105,55.92305800680272,56.49470520019531,16200,0.0,0.0
2020-07-29 00:00:00-04:00,57.45074346895083,58.446199869072764,56.73125443524421,56.77067565917969,38700,0.0,0.0
2020-07-30 00:00:00-04:00,58.04210557536941,63.51220009757064,58.04210557536941,58.82073211669922,65300,0.0,0.0
2020-07-31 00:00:00-04:00,58.6433219730861,58.6433219730861,54.26725022474736,56.80024719238281,61900,0.0,0.0
2020-08-03 00:00:00-04:00,56.53413735700779,56.7805378833129,54.35595760681632,55.578102111816406,32500,0.0,0.0
2020-08-04 00:00:00-04:00,55.479540150842894,56.25816667063945,54.86846417441415,56.11032485961914,46700,0.0,0.0
2020-08-05 00:00:00-04:00,56.277876935847964,58.15052238083512,56.277876935847964,57.36204147338867,35400,0.0,0.0
2020-08-06 00:00:00-04:00,57.135353970064294,57.135353970064294,55.78507640895274,56.05118942260742,27200,0.0,0.0
2020-08-07 00:00:00-04:00,55.88363669223316,58.57432982337006,55.88363669223316,58.032249450683594,23900,0.0,0.0
2020-08-10 00:00:00-04:00,58.29835821218563,59.03755969200317,58.07166644977455,58.57432556152344,19300,0.0,0.0
2020-08-11 00:00:00-04:00,58.98827783367928,59.53036193816743,57.94354212635279,58.83058166503906,27600,0.0,0.0
2020-08-12 00:00:00-04:00,59.510653956292245,59.74719634728899,58.0519633459006,58.59404373168945,19000,0.0,0.0
2020-08-13 00:00:00-04:00,58.40677393176671,59.03756238148968,57.91397292277188,58.278648376464844,13800,0.0,0.0
2020-08-14 00:00:00-04:00,57.77598895786641,60.565244459760024,57.77598895786641,59.89503479003906,45700,0.0,0.0
2020-08-17 00:00:00-04:00,58.663035437768826,59.34309951000223,58.42648928755479,59.017852783203125,17900,0.0,0.0
2020-08-18 00:00:00-04:00,58.68274326219856,58.68274326219856,57.224052771272206,58.21950912475586,16500,0.0,0.0
2020-08-19 00:00:00-04:00,59.027705449267096,59.027705449267096,57.86469474374353,58.189945220947266,19300,0.0,0.0
2020-08-20 00:00:00-04:00,57.56901476098904,58.948859115025634,57.56901476098904,58.61375427246094,19400,0.0,0.0
2020-08-21 00:00:00-04:00,58.70245769531998,58.70245769531998,57.253621522037236,57.470455169677734,19200,0.0,0.0
2020-08-24 00:00:00-04:00,58.20965911416785,59.490941042349355,56.45528488779692,59.481082916259766,27700,0.0,0.0
2020-08-25 00:00:00-04:00,59.461374464996005,59.648637504075886,58.475772398688946,59.017852783203125,24100,0.0,0.0
2020-08-26 00:00:00-04:00,58.889725120751216,59.096700658160486,57.09592961032361,58.002681732177734,22400,0.0,0.0
2020-08-27 00:00:00-04:00,58.10124013567949,59.096696526800116,56.780533271561815,58.85029602050781,38300,0.0,0.0
2020-08-28 00:00:00-04:00,58.357495495935204,58.692600337685974,57.25362227125114,58.653175354003906,35800,0.0,0.0
2020-08-31 00:00:00-04:00,58.24908159414039,58.37721091765104,56.967799638354585,57.164920806884766,45800,0.0,0.0
2020-09-01 00:00:00-04:00,56.918519385534445,57.184632394873404,55.69637116780444,56.406005859375,59800,0.0,0.0
2020-09-02 00:00:00-04:00,56.376434460110346,58.47576774708411,56.238450783367384,58.21950912475586,23200,0.0,0.0
2020-09-03 00:00:00-04:00,58.19980033019812,58.19980033019812,55.48939469131717,56.03147506713867,40100,0.0,0.0
2020-09-04 00:00:00-04:00,56.6228430726815,56.6228430726815,55.10501489141641,55.79493713378906,19600,0.0,0.0
2020-09-08 00:00:00-04:00,55.21342736282872,56.130037571283566,54.9768812162257,55.647090911865234,20300,0.0,0.0
2020-09-09 00:00:00-04:00,55.83435770785988,56.65240545532453,55.469682241856326,55.647090911865234,43300,0.0,0.0
2020-09-10 00:00:00-04:00,56.16945923501067,56.19902609167305,54.30666831004308,54.68119812011719,39600,0.0,0.0
2020-09-11 00:00:00-04:00,54.91774748362298,56.38629243410711,53.478765631767246,53.80401611328125,81000,0.0,0.0
2020-09-14 00:00:00-04:00,53.498475601891485,54.13911840873488,48.63945741885569,49.14211654663086,140500,0.0,0.0
2020-09-15 00:00:00-04:00,50.039017995055104,54.50379420917765,50.039017995055104,52.48331069946289,124100,0.0,0.0
2020-09-16 00:00:00-04:00,52.207342103656636,55.18386076361929,51.36957810028548,52.227054595947266,59500,0.0,0.0
2020-09-17 00:00:00-04:00,51.34001268963197,52.07921425239701,50.89649100001823,51.290733337402344,101600,0.0,0.0
2020-09-18 00:00:00-04:00,52.15806202517986,53.5083396272835,50.74865446231383,51.42871856689453,549400,0.0,0.0
2020-09-21 00:00:00-04:00,50.68951314589064,51.330155974888875,49.07312640415323,49.97002410888672,75700,0.0,0.0
2020-09-22 00:00:00-04:00,49.88131842905518,50.5219574809934,48.02838559375228,49.368804931640625,95500,0.0,0.0
2020-09-23 00:00:00-04:00,49.526502620750634,50.906346983745586,47.58486539448127,47.66371536254883,76100,0.0,0.0
2020-09-24 00:00:00-04:00,49.30967035862614,50.41354738405532,48.235363951942745,49.72362518310547,77700,0.0,0.0
2020-09-25 00:00:00-04:00,49.31952372163065,51.448423836820375,49.31952372163065,50.88663101196289,69900,0.0,0.0
2020-09-28 00:00:00-04:00,51.24145433966245,51.28087556585472,49.03370400263056,50.05873107910156,70100,0.0,0.0
2020-09-29 00:00:00-04:00,49.98950313932592,51.53220728817802,49.64338543240401,50.92897033691406,72600,0.17,0.0
2020-09-30 00:00:00-04:00,51.2750879127489,51.29486660629389,49.030260895194246,49.584049224853516,56500,0.0,0.0
2020-10-01 00:00:00-04:00,49.475267093849816,50.46417911265888,48.13034614468548,48.79291915893555,54900,0.0,0.0
2020-10-02 00:00:00-04:00,48.288574722344265,48.66435856583962,47.853451028444525,48.16001510620117,38400,0.0,0.0
2020-10-05 00:00:00-04:00,48.49624698593051,50.28617535066879,48.49624698593051,49.56427001953125,38000,0.0,0.0
2020-10-06 00:00:00-04:00,49.831278307296984,50.60262851014059,48.90170232509058,49.326934814453125,52500,0.0,0.0
2020-10-07 00:00:00-04:00,49.42582628758952,49.42582628758952,48.39735679858222,49.24782180786133,49900,0.0,0.0
2020-10-08 00:00:00-04:00,49.554381548573375,50.216950786177875,48.75336146040679,49.821388244628906,30400,0.0,0.0
2020-10-09 00:00:00-04:00,50.325731430929594,50.44439981549356,49.22803849961304,49.81149673461914,31300,0.0,0.0
2020-10-12 00:00:00-04:00,49.841169452755395,50.741079278622365,49.44560311884459,50.06861877441406,43700,0.0,0.0
2020-10-13 00:00:00-04:00,49.514823952142564,49.89061157155605,48.427022252008705,48.62480163574219,31700,0.0,0.0
2020-10-14 00:00:00-04:00,48.78303258372868,49.21815252183555,47.269994602266074,47.48755645751953,25000,0.0,0.0
2020-10-15 00:00:00-04:00,46.706316830196926,47.73478629314655,46.33052918558068,47.11177062988281,32200,0.0,0.0
2020-10-16 00:00:00-04:00,47.00298661806529,47.991898627853494,47.00298661806529,47.58644485473633,53500,0.0,0.0
2020-10-19 00:00:00-04:00,47.83367340301421,47.95234556167092,46.77553784225842,47.30955123901367,43800,0.0,0.0
2020-10-20 00:00:00-04:00,47.46777651784407,48.57535691365512,46.49864319995942,46.84476089477539,40300,0.0,0.0
2020-10-21 00:00:00-04:00,46.627201602073825,47.46777528037045,46.14263306956411,46.201969146728516,26800,0.0,0.0
2020-10-22 00:00:00-04:00,46.37008820876455,46.99310389399334,45.73718506229736,46.28108596801758,36900,0.0,0.0
2020-10-23 00:00:00-04:00,46.4491966179794,46.4491966179794,45.460284644149056,45.58884048461914,28800,0.0,0.0
2020-10-26 00:00:00-04:00,45.48995241612787,45.89540618894084,43.66046670835227,44.01647186279297,44600,0.0,0.0
2020-10-27 00:00:00-04:00,44.17470094536671,44.97572109081508,43.97692154664879,44.14503479003906,48100,0.0,0.0
2020-10-28 00:00:00-04:00,43.01767223226159,44.50104024027061,42.55288238258412,42.96822738647461,42800,0.0,0.0
2020-10-29 00:00:00-04:00,45.796518740422975,45.796518740422975,43.878026934556424,45.44050979614258,46800,0.0,0.0
2020-10-30 00:00:00-04:00,49.08959267203504,49.08959267203504,44.00658543039983,44.204368591308594,70900,0.0,0.0
2020-11-02 00:00:00-05:00,44.75815888320679,46.83487650547218,44.402153704795765,46.6667594909668,65800,0.0,0.0
2020-11-03 00:00:00-05:00,47.03265943708156,47.695228713649534,45.91518774100107,46.80521011352539,50500,0.0,0.0
2020-11-04 00:00:00-05:00,46.419529507750454,47.41833277441617,44.70871214199238,46.142635345458984,44100,0.0,0.0
2020-11-05 00:00:00-05:00,46.37997679997898,47.81389625907334,46.37997679997898,47.07221221923828,41300,0.0,0.0
2020-11-06 00:00:00-05:00,47.05243558596593,48.01167767735349,46.29097288008511,46.40964126586914,31400,0.0,0.0
2020-11-09 00:00:00-05:00,49.72249714020809,51.640988949808886,47.49744500652479,48.872032165527344,46500,0.0,0.0
2020-11-10 00:00:00-05:00,49.60382657680981,51.78932122702054,49.60382657680981,50.572959899902344,49000,0.0,0.0
2020-11-11 00:00:00-05:00,50.51362809978282,50.750964873483284,48.061122955544654,50.444400787353516,45000,0.0,0.0
2020-11-12 00:00:00-05:00,50.48396232478682,50.48396232478682,48.773144831791576,50.157623291015625,51300,0.0,0.0
2020-11-13 00:00:00-05:00,50.483960265157954,50.71140958787673,49.02037085870662,50.226844787597656,32400,0.0,0.0
2020-11-16 00:00:00-05:00,51.25531109400777,51.41353686410967,50.06861593204357,50.70151901245117,44300,0.0,0.0
2020-11-17 00:00:00-05:00,50.27628629751123,51.16630860765046,49.237929450615404,50.394954681396484,51400,0.0,0.0
2020-11-18 00:00:00-05:00,50.44440091484189,50.9586356223592,49.099483724873565,49.109371185302734,42400,0.0,0.0
2020-11-19 00:00:00-05:00,49.010483763595275,49.34671401977539,48.04135038340556,49.34671401977539,27500,0.0,0.0
2020-11-20 00:00:00-05:00,48.56547164916992,49.781833024746426,48.38746717738798,48.56547164916992,28600,0.0,0.0
2020-11-23 00:00:00-05:00,49.26759826101339,49.42582403886184,48.120460428512075,48.71380615234375,41700,0.0,0.0
2020-11-24 00:00:00-05:00,49.4159363821227,51.235534706361044,49.4159363821227,50.790523529052734,49100,0.0,0.0
2020-11-25 00:00:00-05:00,50.582851246359574,50.64218355312318,48.54569113054303,49.23793029785156,44400,0.0,0.0
2020-11-27 00:00:00-05:00,49.366487297458846,50.39495672592259,48.45669003009481,50.32573318481445,18700,0.0,0.0
2020-11-30 00:00:00-05:00,50.74107838883891,50.74107838883891,47.833674562098295,48.39735412597656,57800,0.0,0.0
2020-12-01 00:00:00-05:00,48.6841406919128,49.24782026930873,46.49864592534962,47.25021743774414,53000,0.0,0.0
2020-12-02 00:00:00-05:00,48.456687707977196,48.456687707977196,46.95354102434788,47.40843963623047,33300,0.0,0.0
2020-12-03 00:00:00-05:00,47.349105592456084,47.95234249025626,46.014072186078714,46.449195861816406,28500,0.0,0.0
2020-12-04 00:00:00-05:00,46.81509498948582,47.86334308453556,46.01407489844216,47.15132522583008,23500,0.0,0.0
2020-12-07 00:00:00-05:00,46.69642835611682,47.705119103000676,46.69642835611682,47.220550537109375,28300,0.0,0.0
2020-12-08 00:00:00-05:00,47.12165933825796,47.73478373537872,46.4986437083772,46.864540100097656,35600,0.0,0.0
2020-12-09 00:00:00-05:00,47.71500535316987,47.71500535316987,46.03385415101342,46.429420471191406,32300,0.0,0.0
2020-12-10 00:00:00-05:00,46.25141865624093,46.25141865624093,45.22294918272942,45.6382942199707,19800,0.0,0.0
2020-12-11 00:00:00-05:00,45.59873553326945,46.54809020222649,44.580157322142625,45.885520935058594,31500,0.0,0.0
2020-12-14 00:00:00-05:00,46.508534138418696,47.33922044050103,45.19328302735513,45.6382942199707,57500,0.0,0.0
2020-12-15 00:00:00-05:00,46.02396637167563,47.457889556884766,45.707514826686015,47.457889556884766,32900,0.0,0.0
2020-12-16 00:00:00-05:00,47.13154899422552,48.04135005812941,45.4899551127904,45.60862350463867,43900,0.0,0.0
2020-12-17 00:00:00-05:00,46.4096426351669,50.42462690125355,44.99549810715017,45.27239227294922,112400,0.0,0.0
2020-12-18 00:00:00-05:00,45.61851294498635,46.22174988614061,42.68144301227138,42.85944747924805,236500,0.0,0.0
2020-12-21 00:00:00-05:00,42.275992706522835,43.680246092104305,41.02996510766041,43.146236419677734,71200,0.0,0.0
2020-12-22 00:00:00-05:00,42.81988857553736,43.907694032118606,42.31554511857325,43.09678649902344,39800,0.0,0.0
2020-12-23 00:00:00-05:00,43.452792891989745,44.847158692222,42.94844942058658,43.591243743896484,35200,0.0,0.0
2020-12-24 00:00:00-05:00,43.59124671534525,44.323039549021594,43.433017159523075,44.006587982177734,14300,0.0,0.0
2020-12-28 00:00:00-05:00,44.006586531144755,44.39226162974381,43.245123794659406,43.50224304199219,47300,0.0,0.0
2020-12-29 00:00:00-05:00,43.50224159523389,43.50224159523389,41.91009263302387,42.40454864501953,35000,0.0,0.0
2020-12-30 00:00:00-05:00,42.6825465046313,43.079683518882874,41.37198337409651,41.600341796875,40400,0.17,0.0
2020-12-31 00:00:00-05:00,41.53084472084555,41.838625258886076,40.696852027191994,41.461341857910156,25400,0.0,0.0
2021-01-04 00:00:00-05:00,41.759197215722615,45.303665034282965,41.630125887514666,44.24131774902344,97300,0.0,0.0
2021-01-05 00:00:00-05:00,43.91367929322652,46.1277305194377,42.672618934089165,44.83702850341797,76900,0.0,0.0
2021-01-06 00:00:00-05:00,45.52209274995255,49.553058185735615,43.62575266053326,47.82550048828125,103800,0.0,0.0
2021-01-07 00:00:00-05:00,47.56735775816028,49.344556969337546,46.23694100054928,49.126129150390625,61700,0.0,0.0
2021-01-08 00:00:00-05:00,49.31477089539352,49.52327190690369,46.773081792337564,47.92478561401367,128500,0.0,0.0
2021-01-11 00:00:00-05:00,47.01136343055433,48.09356818164161,45.730592058098445,46.54472732543945,30400,0.0,0.0
2021-01-12 00:00:00-05:00,46.73336470928458,47.81556940429899,45.968871136896844,47.20000457763672,36700,0.0,0.0
2021-01-13 00:00:00-05:00,47.11064601289898,47.716283997300664,45.770298722645634,46.1177978515625,24200,0.0,0.0
2021-01-14 00:00:00-05:00,46.574511042656944,47.89500102706754,46.05822950053204,47.18014907836914,30400,0.0,0.0
2021-01-15 00:00:00-05:00,46.753221547025326,47.53757252825956,45.88944467982885,46.69364929199219,33300,0.0,0.0
2021-01-19 00:00:00-05:00,47.49785830579349,47.597141611384,46.42558042582241,47.1602897644043,42800,0.0,0.0
2021-01-20 00:00:00-05:00,47.1702189461392,47.43828842957881,46.29651520835328,46.58443832397461,32700,0.0,0.0
2021-01-21 00:00:00-05:00,46.77308188701525,47.021293950701455,45.154738171304835,45.48237991333008,52000,0.0,0.0
2021-01-22 00:00:00-05:00,44.81716865384737,45.56180482896645,43.67539545778071,45.492305755615234,67800,0.0,0.0
2021-01-25 00:00:00-05:00,45.63130228760782,48.014139478635954,45.08523653599334,47.59714126586914,47000,0.0,0.0
2021-01-26 00:00:00-05:00,47.86521041996132,48.11342246792306,46.36601131673517,48.03399658203125,34700,0.0,0.0
2021-01-27 00:00:00-05:00,47.358862672371465,47.58721731726157,45.93908936018975,46.42558288574219,57200,0.0,0.0
2021-01-28 00:00:00-05:00,46.72344188843596,46.72344188843596,43.45697010552634,43.57611083984375,61900,0.0,0.0
2021-01-29 00:00:00-05:00,42.01733898897138,44.30088927996459,42.01733898897138,42.87118911743164,50100,0.0,0.0
2021-02-01 00:00:00-05:00,42.87118829711008,44.19167451737552,42.71233272653494,43.864036560058594,34900,0.0,0.0
2021-02-02 00:00:00-05:00,44.062603354751566,44.56895426084588,43.33782463675782,43.586036682128906,33200,0.0,0.0
2021-02-03 00:00:00-05:00,43.36761134175139,43.52646690834547,42.374763103684586,42.8513298034668,37000,0.0,0.0
2021-02-04 00:00:00-05:00,43.804462408311885,44.15196155778007,42.12655027988995,43.84417724609375,45300,0.0,0.0
2021-02-05 00:00:00-05:00,44.539171727611574,45.2242356355179,44.012963383310286,45.10509490966797,23700,0.0,0.0
2021-02-08 00:00:00-05:00,44.84695234469162,46.50501084396005,44.84695234469162,46.207157135009766,28800,0.0,0.0
2021-02-09 00:00:00-05:00,46.266726875845826,47.18014923413337,45.601520367156255,46.9815788269043,33900,0.0,0.0
2021-02-10 00:00:00-05:00,47.13050643791883,47.368787890891355,45.9589452297936,46.00858688354492,21100,0.0,0.0
2021-02-11 00:00:00-05:00,46.09794573033305,46.157517990327335,44.052676919516465,45.472450256347656,33800,0.0,0.0
2021-02-12 00:00:00-05:00,45.47244864444425,45.66109223403133,44.57888750069845,45.09516525268555,16300,0.0,0.0
2021-02-16 00:00:00-05:00,45.27387892723863,45.66109292823916,44.26117703974655,45.442665100097656,39500,0.0,0.0
2021-02-17 00:00:00-05:00,45.12495217924153,45.47244753991048,43.635679855091084,45.30366516113281,207400,0.0,0.0
2021-02-18 00:00:00-05:00,44.995879982582345,45.15473554259703,43.377536361084694,43.93353271484375,50200,0.0,0.0
2021-02-19 00:00:00-05:00,44.350529456320096,45.68094626122022,44.18174707198208,44.61859893798828,32700,0.0,0.0
2021-02-22 00:00:00-05:00,44.63845564423091,45.621377061309325,43.67539543371668,45.532020568847656,38400,0.0,0.0
2021-02-23 00:00:00-05:00,45.333449370950476,47.061006932486784,44.70795393467168,46.56458282470703,41400,0.0,0.0
2021-02-24 00:00:00-05:00,45.9390897926014,47.65671684091968,43.02011724956468,44.76752853393555,41900,0.0,0.0
2021-02-25 00:00:00-05:00,44.33067220858021,46.19722403716187,44.33067220858021,45.68094253540039,44800,0.0,0.0
2021-02-26 00:00:00-05:00,45.78023232063332,49.61262708013392,45.31359244229986,48.331851959228516,98500,0.0,0.0
2021-03-01 00:00:00-05:00,48.81834566662706,50.07926337361691,46.038371379228266,46.87236404418945,90800,0.0,0.0
2021-03-02 00:00:00-05:00,46.66386613129683,47.94464123834828,46.246871698721215,46.56458282470703,67000,0.0,0.0
2021-03-03 00:00:00-05:00,46.80286301757064,48.580062184636155,46.10786852787524,48.232566833496094,29400,0.0,0.0
2021-03-04 00:00:00-05:00,48.272276214865265,49.28498178701959,47.14042992463841,47.894996643066406,55800,0.0,0.0
2021-03-05 00:00:00-05:00,48.74884547598497,49.77148170520906,47.875141780275605,49.52326965332031,58500,0.0,0.0
2021-03-08 00:00:00-05:00,49.493479865545744,52.273457777432434,49.126127102335154,51.90610122680664,64000,0.0,0.0
2021-03-09 00:00:00-05:00,51.995460116979956,51.995460116979956,49.58283864420978,50.0693359375,57800,0.0,0.0
2021-03-10 00:00:00-05:00,49.970051610106594,51.74724700562176,49.56298021311537,51.41960906982422,39200,0.0,0.0
2021-03-11 00:00:00-05:00,51.687682105156256,52.00539324736738,50.575689320001736,51.73732376098633,39300,0.0,0.0
2021-03-12 00:00:00-05:00,51.36003847827078,52.2734608192354,50.81397270930851,51.717464447021484,35200,0.0,0.0
2021-03-15 00:00:00-04:00,52.0550342927724,52.0550342927724,50.466478600345,51.31039810180664,40400,0.0,0.0
2021-03-16 00:00:00-04:00,50.91325594907645,51.01254304438266,49.17577154907964,49.39419937133789,43700,0.0,0.0
2021-03-17 00:00:00-04:00,49.54312809564445,50.1884771714405,48.748846483256344,49.43391418457031,46800,0.0,0.0
2021-03-18 00:00:00-04:00,49.364415520455516,50.277834079885565,48.44106635770989,48.917633056640625,28800,0.0,0.0
2021-03-19 00:00:00-04:00,49.08641631486318,51.211114759877006,47.63685877298599,50.16862106323242,158100,0.0,0.0
2021-03-22 00:00:00-04:00,49.70198252242171,51.548677002911546,49.086413908176425,50.90332794189453,59000,0.0,0.0
2021-03-23 00:00:00-04:00,50.33740408412293,50.53597447997537,47.8354261861788,48.03399658203125,53800,0.0,0.0
2021-03-24 00:00:00-04:00,48.411279265351,51.10190091583798,46.56458469179289,46.58443832397461,44500,0.0,0.0
2021-03-25 00:00:00-04:00,46.20715754783783,48.05385586221012,45.70080282942457,46.87236404418945,59400,0.0,0.0
2021-03-26 00:00:00-04:00,47.50778818459444,48.52049387405927,47.13050856909201,48.07371139526367,41500,0.0,0.0
2021-03-29 00:00:00-04:00,47.99428435060767,49.16584558357508,47.45814538892792,48.321922302246094,46700,0.0,0.0
2021-03-30 00:00:00-04:00,48.6008939545048,50.17509451540361,47.78390504084799,48.10272979736328,39800,0.17,0.0
2021-03-31 00:00:00-04:00,48.41159108972947,49.80645219660348,47.31563150625043,48.93964385986328,58000,0.0,0.0
2021-04-01 00:00:00-04:00,48.98945916550661,50.583586676422186,48.51122205243915,50.40424728393555,57600,0.0,0.0
2021-04-05 00:00:00-04:00,50.254797816823384,50.34446751537474,46.837391461919644,48.16250991821289,75900,0.0,0.0
2021-04-06 00:00:00-04:00,47.773941917883,48.16250934004402,46.17981438507246,46.8373908996582,83300,0.0,0.0
2021-04-07 00:00:00-04:00,46.468752378774404,47.215998621059214,45.253230608436674,46.23959732055664,67400,0.0,0.0
2021-04-08 00:00:00-04:00,46.03036648234669,46.82742833211693,45.20341220023522,46.73775863647461,148500,0.0,0.0
2021-04-09 00:00:00-04:00,46.71783359619662,48.710490205465426,46.09014570008351,48.13262176513672,51600,0.0,0.0
2021-04-12 00:00:00-04:00,47.385376001219946,48.66067502743375,47.375410589689025,48.262142181396484,32800,0.0,0.0
2021-04-13 00:00:00-04:00,48.2222920119004,51.32086988190167,47.893501843307696,50.015682220458984,60000,0.0,0.0
2021-04-14 00:00:00-04:00,49.846302534660424,50.86255783435513,49.43780809268723,50.13523864746094,32700,0.0,0.0
2021-04-15 00:00:00-04:00,50.12527801023078,50.47399139404297,49.51751714070881,50.47399139404297,25000,0.0,0.0
2021-04-16 00:00:00-04:00,50.80278152194755,50.80278152194755,49.81641483589291,49.836341857910156,33800,0.0,0.0
2021-04-19 00:00:00-04:00,49.8761958992366,50.27472493748761,49.76659917849305,49.916046142578125,45900,0.0,0.0
2021-04-20 00:00:00-04:00,49.82637594890777,50.18505474025437,48.70052772135856,49.46770095825195,34300,0.0,0.0
2021-04-21 00:00:00-04:00,50.165126247421455,50.165126247421455,49.00938562068981,49.3182487487793,18100,0.0,0.0
2021-04-22 00:00:00-04:00,49.41788141804361,49.57729379162346,47.923388990473455,48.2721061706543,38500,0.0,0.0
2021-04-23 00:00:00-04:00,48.810125345644636,49.647041274067576,47.32559449854421,48.77027130126953,34000,0.0,0.0
2021-04-26 00:00:00-04:00,49.11898511433342,49.7068189715525,47.23592520920357,47.3853759765625,39900,0.0,0.0
2021-04-27 00:00:00-04:00,47.23592616713684,47.95328378390211,46.289413489614,47.72412872314453,38300,0.0,0.0
2021-04-28 00:00:00-04:00,47.79386895226668,48.272106072029146,45.83110101851363,46.91709899902344,57200,0.0,0.0
2021-04-29 00:00:00-04:00,46.16985221453949,47.325592856480654,45.721503732603104,45.75139236450195,29900,0.0,0.0
2021-04-30 00:00:00-04:00,45.59198285063788,46.08018540616397,45.17352677506492,45.41264724731445,52200,0.0,0.0
2021-05-03 00:00:00-04:00,45.572056896812065,47.68427177218922,45.572056896812065,47.18610763549805,52100,0.0,0.0
2021-05-04 00:00:00-04:00,46.99680470400429,47.07651279338291,45.980553169263054,46.74772262573242,29700,0.0,0.0
2021-05-05 00:00:00-04:00,47.60456460442037,47.60456460442037,46.22963429712359,46.408973693847656,30100,0.0,0.0
2021-05-06 00:00:00-04:00,46.458788985830424,48.431518533711525,45.83110110219391,48.112693786621094,43500,0.0,0.0
2021-05-07 00:00:00-04:00,47.943316906866976,48.39166540364225,47.03665830258404,47.25585174560547,22300,0.0,0.0
2021-05-10 00:00:00-04:00,47.61453102085803,48.371738866917845,46.837392351751696,47.066551208496094,41400,0.0,0.0
2021-05-11 00:00:00-04:00,46.508603564080786,48.57100276191613,46.30933715158607,46.49863815307617,21200,0.0,0.0
2021-05-12 00:00:00-04:00,46.24955604473277,46.428895435742604,45.51227526008407,45.940696716308594,33800,0.0,0.0
2021-05-13 00:00:00-04:00,46.12003949165143,48.262143129273014,46.030369789566464,47.8038330078125,32200,0.0,0.0
2021-05-14 00:00:00-04:00,48.102730306430374,49.368067735043674,47.77394393559672,49.18872833251953,41100,0.0,0.0
2021-05-17 00:00:00-04:00,48.89979403133457,49.168799323562276,47.84368468143506,48.03298568725586,19200,0.0,0.0
2021-05-18 00:00:00-04:00,47.94331500681697,48.421552117527206,47.574674613274,47.61452865600586,16100,0.0,0.0
2021-05-19 00:00:00-04:00,47.21599773803666,48.60089347306064,46.737760608001174,48.052913665771484,38000,0.0,0.0
2021-05-20 00:00:00-04:00,47.6244926739513,48.42155456542969,47.6244926739513,48.42155456542969,16500,0.0,0.0
2021-05-21 00:00:00-04:00,48.89979500081696,48.89979500081696,47.76397754130116,47.81379699707031,20600,0.0,0.0
2021-05-24 00:00:00-04:00,47.80383103256878,47.943316385450565,46.4488239462472,46.56838607788086,26200,0.0,0.0
2021-05-25 00:00:00-04:00,47.26581135627286,47.26581135627286,46.11007072498589,46.33922576904297,28700,0.0,0.0
2021-05-26 00:00:00-04:00,46.66801838007682,47.674308304919066,46.66801838007682,47.5447883605957,19400,0.0,0.0
2021-05-27 00:00:00-04:00,47.55475091103892,47.84368703997545,46.847358706283394,47.006771087646484,36900,0.0,0.0
2021-05-28 00:00:00-04:00,47.325594415289714,47.73408886768879,46.648090864868195,47.096439361572266,23600,0.0,0.0
2021-06-01 00:00:00-04:00,47.156221871146386,48.73041866246017,47.13629484838406,47.8038330078125,39600,0.0,0.0
2021-06-02 00:00:00-04:00,48.062880024927836,48.42155502900882,47.23592569162692,47.7540168762207,23200,0.0,0.0
2021-06-03 00:00:00-04:00,47.46507883926194,47.763976564308756,47.39533616344072,47.47504425048828,21700,0.0,0.0
2021-06-04 00:00:00-04:00,47.425226210644794,48.05291411245338,46.9868431208766,47.305667877197266,18700,0.0,0.0
2021-06-07 00:00:00-04:00,47.196070664098414,47.42522571777923,46.847357278212584,46.93702697753906,22400,0.0,0.0
2021-06-08 00:00:00-04:00,47.18610910114937,47.9333553293964,47.18610910114937,47.81379699707031,20900,0.0,0.0
2021-06-09 00:00:00-04:00,47.624491764225574,49.21861931742212,47.56471449893838,48.720455169677734,30400,0.0,0.0
2021-06-10 00:00:00-04:00,48.83004953240197,49.696857911586534,48.77027226534851,49.10902404785156,23500,0.0,0.0
2021-06-11 00:00:00-04:00,49.20865194166171,49.66696202712492,48.08279994851017,48.36177444458008,15700,0.0,0.0
2021-06-14 00:00:00-04:00,48.12265526286972,48.24221359252229,45.84106258480978,46.359153747558594,60200,0.0,0.0
2021-06-15 00:00:00-04:00,46.7078728745786,48.07284161371764,46.000476876297235,47.19607162475586,59600,0.0,0.0
2021-06-16 00:00:00-04:00,46.946988052602556,46.946988052602556,45.37279132767702,46.010440826416016,56800,0.0,0.0
2021-06-17 00:00:00-04:00,46.38904760559902,46.38904760559902,45.582020304097426,46.03036880493164,55200,0.0,0.0
2021-06-18 00:00:00-04:00,45.41264675319305,45.75139473410003,44.59565403229969,45.20341491699219,313700,0.0,0.0
2021-06-21 00:00:00-04:00,45.54216577710586,45.91080998538254,44.605618541374795,45.90084457397461,36000,0.0,0.0
2021-06-22 00:00:00-04:00,45.641801361152,45.95066070556641,45.11374477108868,45.950660705566406,27300,0.0,0.0
2021-06-23 00:00:00-04:00,45.84106349206403,46.0403299125559,42.86204399816314,45.5820198059082,42200,0.0,0.0
2021-06-24 00:00:00-04:00,45.90084508383812,46.91710041935778,45.50231223829245,46.66801834106445,20900,0.0,0.0
2021-06-25 00:00:00-04:00,46.59827615988651,47.744051451834025,46.59827615988651,47.275779724121094,125400,0.0,0.0
2021-06-28 00:00:00-04:00,47.704201658940214,48.07284207803948,45.9506616640797,46.130001068115234,41300,0.0,0.0
2021-06-29 00:00:00-04:00,47.689998626708984,47.689998626708984,45.869998931884766,45.9900016784668,23200,0.17,0.0
2021-06-30 00:00:00-04:00,45.869998931884766,46.349998474121094,45.31999969482422,45.4900016784668,40800,0.0,0.0
2021-07-01 00:00:00-04:00,45.88999938964844,46.810001373291016,45.83000183105469,46.41999816894531,30300,0.0,0.0
2021-07-02 00:00:00-04:00,46.02000045776367,46.209999084472656,45.709999084472656,45.869998931884766,16900,0.0,0.0
2021-07-06 00:00:00-04:00,45.86000061035156,45.86000061035156,45.27000045776367,45.27000045776367,27800,0.0,0.0
2021-07-07 00:00:00-04:00,45.41999816894531,45.41999816894531,44.369998931884766,44.75,40900,0.0,0.0
2021-07-08 00:00:00-04:00,43.95000076293945,44.88999938964844,43.95000076293945,44.599998474121094,32600,0.0,0.0
2021-07-09 00:00:00-04:00,44.689998626708984,45.77000045776367,44.689998626708984,45.560001373291016,25400,0.0,0.0
2021-07-12 00:00:00-04:00,45.279998779296875,45.72999954223633,45.09000015258789,45.63999938964844,19200,0.0,0.0
2021-07-13 00:00:00-04:00,45.29999923706055,45.43000030517578,44.939998626708984,44.939998626708984,16700,0.0,0.0
2021-07-14 00:00:00-04:00,44.97999954223633,45.540000915527344,44.11000061035156,44.11000061035156,19800,0.0,0.0
2021-07-15 00:00:00-04:00,44.189998626708984,44.88999938964844,43.72999954223633,44.84000015258789,22500,0.0,0.0
2021-07-16 00:00:00-04:00,44.939998626708984,45.65999984741211,44.13999938964844,44.34000015258789,27700,0.0,0.0
2021-07-19 00:00:00-04:00,43.709999084472656,44.2599983215332,42.900001525878906,43.7400016784668,39600,0.0,0.0
2021-07-20 00:00:00-04:00,43.970001220703125,44.959999084472656,43.970001220703125,44.11000061035156,63200,0.0,0.0
2021-07-21 00:00:00-04:00,44.47999954223633,45.13999938964844,43.86000061035156,44.11000061035156,23600,0.0,0.0
2021-07-22 00:00:00-04:00,43.880001068115234,43.880001068115234,43.02000045776367,43.16999816894531,18800,0.0,0.0
2021-07-23 00:00:00-04:00,43.400001525878906,43.630001068115234,42.790000915527344,43.630001068115234,18200,0.0,0.0
2021-07-26 00:00:00-04:00,43.689998626708984,44.4900016784668,43.59000015258789,43.849998474121094,15500,0.0,0.0
2021-07-27 00:00:00-04:00,43.9900016784668,44.400001525878906,43.47999954223633,43.900001525878906,29300,0.0,0.0
2021-07-28 00:00:00-04:00,43.88999938964844,43.91999816894531,43.16999816894531,43.400001525878906,21800,0.0,0.0
2021-07-29 00:00:00-04:00,44.029998779296875,44.029998779296875,43.310001373291016,43.459999084472656,17800,0.0,0.0
2021-07-30 00:00:00-04:00,44.349998474121094,44.349998474121094,42.880001068115234,43.04999923706055,25000,0.0,0.0
2021-08-02 00:00:00-04:00,43.150001525878906,43.7400016784668,42.310001373291016,42.68000030517578,40400,0.0,0.0
2021-08-03 00:00:00-04:00,42.619998931884766,43.7400016784668,42.470001220703125,43.54999923706055,40900,0.0,0.0
2021-08-04 00:00:00-04:00,43.58000183105469,45.439998626708984,43.11000061035156,43.970001220703125,53300,0.0,0.0
2021-08-05 00:00:00-04:00,44.33000183105469,44.63999938964844,44.09000015258789,44.2400016784668,19700,0.0,0.0
2021-08-06 00:00:00-04:00,44.540000915527344,44.540000915527344,43.81999969482422,43.970001220703125,41200,0.0,0.0
2021-08-09 00:00:00-04:00,43.880001068115234,44.29999923706055,43.84000015258789,43.84000015258789,19600,0.0,0.0
2021-08-10 00:00:00-04:00,44.11000061035156,44.5,43.86000061035156,44.279998779296875,23200,0.0,0.0
2021-08-11 00:00:00-04:00,44.27000045776367,44.720001220703125,43.810001373291016,44.65999984741211,37800,0.0,0.0
2021-08-12 00:00:00-04:00,44.77000045776367,45.70000076293945,44.150001525878906,45.52000045776367,36300,0.0,0.0
2021-08-13 00:00:00-04:00,45.869998931884766,46.849998474121094,45.54999923706055,46.439998626708984,36900,0.0,0.0
2021-08-16 00:00:00-04:00,46.2400016784668,46.5,45.97999954223633,46.0,22000,0.0,0.0
2021-08-17 00:00:00-04:00,45.91999816894531,47.369998931884766,45.029998779296875,45.619998931884766,25600,0.0,0.0
2021-08-18 00:00:00-04:00,45.560001373291016,45.86000061035156,44.59000015258789,44.59000015258789,18600,0.0,0.0
2021-08-19 00:00:00-04:00,44.36000061035156,45.220001220703125,44.36000061035156,45.0099983215332,25300,0.0,0.0
2021-08-20 00:00:00-04:00,44.689998626708984,46.34000015258789,44.689998626708984,45.310001373291016,21500,0.0,0.0
2021-08-23 00:00:00-04:00,45.369998931884766,46.16999816894531,45.310001373291016,45.310001373291016,13200,0.0,0.0
2021-08-24 00:00:00-04:00,45.38999938964844,45.970001220703125,44.880001068115234,45.189998626708984,15800,0.0,0.0
2021-08-25 00:00:00-04:00,44.95000076293945,45.40999984741211,44.34000015258789,44.709999084472656,25200,0.0,0.0
2021-08-26 00:00:00-04:00,44.93000030517578,45.25,44.540000915527344,44.869998931884766,24500,0.0,0.0
2021-08-27 00:00:00-04:00,45.08000183105469,45.869998931884766,44.75,45.369998931884766,40000,0.0,0.0
2021-08-30 00:00:00-04:00,45.33000183105469,45.59000015258789,44.97999954223633,45.189998626708984,19700,0.0,0.0
2021-08-31 00:00:00-04:00,45.060001373291016,45.7599983215332,45.0,45.59000015258789,34400,0.0,0.0
2021-09-01 00:00:00-04:00,45.4900016784668,45.810001373291016,45.060001373291016,45.20000076293945,21500,0.0,0.0
2021-09-02 00:00:00-04:00,45.130001068115234,47.400001525878906,45.029998779296875,47.09000015258789,52800,0.0,0.0
2021-09-03 00:00:00-04:00,47.16999816894531,47.2599983215332,45.33000183105469,45.959999084472656,38800,0.0,0.0
2021-09-07 00:00:00-04:00,45.52000045776367,47.7400016784668,45.52000045776367,46.5099983215332,45500,0.0,0.0
2021-09-08 00:00:00-04:00,46.54999923706055,47.22999954223633,46.150001525878906,46.77000045776367,30100,0.0,0.0
2021-09-09 00:00:00-04:00,46.709999084472656,47.540000915527344,46.25,46.84000015258789,43900,0.0,0.0
2021-09-10 00:00:00-04:00,47.18000030517578,47.599998474121094,45.349998474121094,46.5,62700,0.0,0.0
2021-09-13 00:00:00-04:00,46.63999938964844,47.02000045776367,46.060001373291016,46.720001220703125,26100,0.0,0.0
2021-09-14 00:00:00-04:00,47.029998779296875,47.029998779296875,45.290000915527344,45.84000015258789,34900,0.0,0.0
2021-09-15 00:00:00-04:00,45.93000030517578,46.619998931884766,45.459999084472656,46.349998474121094,33200,0.0,0.0
2021-09-16 00:00:00-04:00,46.34000015258789,46.36000061035156,45.34000015258789,46.15999984741211,24400,0.0,0.0
2021-09-17 00:00:00-04:00,46.599998474121094,46.880001068115234,45.38999938964844,46.0099983215332,207300,0.0,0.0
2021-09-20 00:00:00-04:00,45.529998779296875,46.529998779296875,45.119998931884766,46.38999938964844,58000,0.0,0.0
2021-09-21 00:00:00-04:00,46.72999954223633,47.0,46.119998931884766,46.38999938964844,21200,0.0,0.0
2021-09-22 00:00:00-04:00,46.7400016784668,47.11000061035156,46.25,46.47999954223633,27500,0.0,0.0
2021-09-23 00:00:00-04:00,46.72999954223633,47.47999954223633,46.41999816894531,47.47999954223633,25100,0.0,0.0
2021-09-24 00:00:00-04:00,47.41999816894531,47.7599983215332,46.88999938964844,47.02000045776367,19300,0.0,0.0
2021-09-27 00:00:00-04:00,46.869998931884766,48.13999938964844,46.400001525878906,48.0,46700,0.0,0.0
2021-09-28 00:00:00-04:00,47.27000045776367,47.970001220703125,46.4900016784668,46.65999984741211,23000,0.0,0.0
2021-09-29 00:00:00-04:00,46.65999984741211,47.459999084472656,46.18000030517578,46.599998474121094,21500,0.0,0.0
2021-09-30 00:00:00-04:00,46.81999969482422,47.04999923706055,46.40999984741211,46.849998474121094,27000,0.0,0.0
2021-10-01 00:00:00-04:00,47.029998779296875,47.310001373291016,45.27000045776367,46.04999923706055,85900,0.0,0.0
2021-10-04 00:00:00-04:00,46.63999938964844,47.86000061035156,46.06999969482422,46.72999954223633,33700,0.0,0.0
2021-10-05 00:00:00-04:00,47.310001373291016,47.790000915527344,46.45000076293945,47.369998931884766,33600,0.0,0.0
2021-10-06 00:00:00-04:00,47.0,47.0,46.060001373291016,46.40999984741211,19600,0.0,0.0
2021-10-07 00:00:00-04:00,47.06999969482422,47.34000015258789,46.619998931884766,46.970001220703125,14600,0.0,0.0
2021-10-08 00:00:00-04:00,47.11000061035156,47.720001220703125,46.2599983215332,46.59000015258789,16100,0.0,0.0
2021-10-11 00:00:00-04:00,46.38999938964844,46.439998626708984,45.150001525878906,45.22999954223633,37900,0.0,0.0
2021-10-12 00:00:00-04:00,45.40999984741211,45.75,45.029998779296875,45.22999954223633,32600,0.0,0.0
2021-10-13 00:00:00-04:00,45.43000030517578,45.880001068115234,45.099998474121094,45.880001068115234,12700,0.0,0.0
2021-10-14 00:00:00-04:00,46.0,46.9900016784668,45.900001525878906,46.86000061035156,33700,0.0,0.0
2021-10-15 00:00:00-04:00,47.36000061035156,47.70000076293945,46.40999984741211,46.54999923706055,28500,0.0,0.0
2021-10-18 00:00:00-04:00,46.47999954223633,46.630001068115234,46.18000030517578,46.209999084472656,14600,0.0,0.0
2021-10-19 00:00:00-04:00,46.86000061035156,46.86000061035156,45.95000076293945,46.16999816894531,9600,0.0,0.0
2021-10-20 00:00:00-04:00,46.86000061035156,46.880001068115234,45.70000076293945,46.689998626708984,18000,0.0,0.0
2021-10-21 00:00:00-04:00,46.7400016784668,47.099998474121094,46.099998474121094,46.2599983215332,34500,0.0,0.0
2021-10-22 00:00:00-04:00,46.59000015258789,46.59000015258789,45.25,45.31999969482422,23400,0.0,0.0
2021-10-25 00:00:00-04:00,45.779998779296875,45.779998779296875,45.0099983215332,45.54999923706055,48700,0.0,0.0
2021-10-26 00:00:00-04:00,45.689998626708984,45.720001220703125,44.29999923706055,44.56999969482422,34600,0.0,0.0
2021-10-27 00:00:00-04:00,44.349998474121094,44.38999938964844,43.34000015258789,43.369998931884766,59500,0.0,0.0
2021-10-28 00:00:00-04:00,43.369998931884766,43.5,41.40999984741211,41.40999984741211,44500,0.0,0.0
2021-10-29 00:00:00-04:00,42.97999954223633,42.97999954223633,40.77000045776367,40.779998779296875,46400,0.0,0.0
2021-11-01 00:00:00-04:00,41.029998779296875,42.93000030517578,40.790000915527344,42.31999969482422,50900,0.0,0.0
2021-11-02 00:00:00-04:00,42.560001373291016,42.81999969482422,42.04999923706055,42.54999923706055,35900,0.0,0.0
2021-11-03 00:00:00-04:00,42.720001220703125,43.619998931884766,42.34000015258789,43.209999084472656,53000,0.0,0.0
2021-11-04 00:00:00-04:00,43.40999984741211,43.939998626708984,42.33000183105469,42.790000915527344,54300,0.0,0.0
2021-11-05 00:00:00-04:00,43.130001068115234,44.75,43.130001068115234,43.7599983215332,34700,0.0,0.0
2021-11-08 00:00:00-05:00,44.130001068115234,44.22999954223633,43.59000015258789,43.849998474121094,22400,0.0,0.0
2021-11-09 00:00:00-05:00,43.65999984741211,44.2400016784668,43.18000030517578,43.849998474121094,17900,0.0,0.0
2021-11-10 00:00:00-05:00,43.54999923706055,44.099998474121094,43.0,43.130001068115234,20200,0.0,0.0
2021-11-11 00:00:00-05:00,43.20000076293945,43.470001220703125,42.93000030517578,43.20000076293945,16600,0.0,0.0
2021-11-12 00:00:00-05:00,43.150001525878906,43.189998626708984,41.720001220703125,43.189998626708984,20100,0.0,0.0
2021-11-15 00:00:00-05:00,43.11000061035156,43.150001525878906,42.529998779296875,42.880001068115234,27600,0.0,0.0
2021-11-16 00:00:00-05:00,43.13999938964844,43.13999938964844,41.9900016784668,42.18000030517578,23100,0.0,0.0
2021-11-17 00:00:00-05:00,41.91999816894531,42.81999969482422,41.52000045776367,42.81999969482422,45300,0.0,0.0
2021-11-18 00:00:00-05:00,42.869998931884766,42.869998931884766,41.91999816894531,42.220001220703125,38600,0.0,0.0
2021-11-19 00:00:00-05:00,41.88999938964844,42.52000045776367,41.34000015258789,41.88999938964844,40700,0.0,0.0
2021-11-22 00:00:00-05:00,42.150001525878906,42.9900016784668,41.5,42.08000183105469,47400,0.0,0.0
2021-11-23 00:00:00-05:00,41.849998474121094,43.47999954223633,41.849998474121094,43.150001525878906,39400,0.0,0.0
2021-11-24 00:00:00-05:00,43.400001525878906,43.65999984741211,42.88999938964844,43.310001373291016,23100,0.0,0.0
2021-11-26 00:00:00-05:00,42.41999816894531,42.529998779296875,40.84000015258789,41.529998779296875,32400,0.0,0.0
2021-11-29 00:00:00-05:00,41.7599983215332,42.099998474121094,39.779998779296875,40.029998779296875,35400,0.0,0.0
2021-11-30 00:00:00-05:00,39.529998779296875,39.7400016784668,38.06999969482422,38.209999084472656,59900,0.0,0.0
2021-12-01 00:00:00-05:00,38.95000076293945,39.90999984741211,37.88999938964844,38.0,69400,0.0,0.0
2021-12-02 00:00:00-05:00,38.13999938964844,40.22999954223633,38.13999938964844,40.04999923706055,44500,0.0,0.0
2021-12-03 00:00:00-05:00,40.0,40.310001373291016,39.27000045776367,40.029998779296875,34400,0.0,0.0
2021-12-06 00:00:00-05:00,40.560001373291016,41.459999084472656,40.40999984741211,40.900001525878906,35100,0.0,0.0
2021-12-07 00:00:00-05:00,40.61000061035156,41.06999969482422,39.880001068115234,39.959999084472656,31000,0.0,0.0
2021-12-08 00:00:00-05:00,39.83000183105469,40.150001525878906,39.459999084472656,39.709999084472656,28500,0.0,0.0
2021-12-09 00:00:00-05:00,39.290000915527344,40.0,39.0099983215332,39.880001068115234,36500,0.0,0.0
2021-12-10 00:00:00-05:00,40.150001525878906,40.9900016784668,39.540000915527344,39.75,24100,0.0,0.0
2021-12-13 00:00:00-05:00,39.66999816894531,41.83000183105469,39.439998626708984,41.43000030517578,47700,0.0,0.0
2021-12-14 00:00:00-05:00,41.06999969482422,42.209999084472656,39.4900016784668,40.349998474121094,61700,0.0,0.0
2021-12-15 00:00:00-05:00,40.209999084472656,41.099998474121094,40.04999923706055,41.08000183105469,43900,0.0,0.0
2021-12-16 00:00:00-05:00,41.5,42.63999938964844,40.9900016784668,41.5,273400,0.0,0.0
2021-12-17 00:00:00-05:00,41.54999923706055,41.790000915527344,40.689998626708984,41.209999084472656,190300,0.0,0.0
2021-12-20 00:00:00-05:00,40.63999938964844,41.65999984741211,39.810001373291016,40.560001373291016,61600,0.0,0.0
2021-12-21 00:00:00-05:00,40.869998931884766,41.56999969482422,40.630001068115234,41.20000076293945,25600,0.0,0.0
2021-12-22 00:00:00-05:00,41.060001373291016,41.060001373291016,40.380001068115234,40.849998474121094,21700,0.0,0.0
2021-12-23 00:00:00-05:00,41.150001525878906,41.349998474121094,40.52000045776367,40.91999816894531,21800,0.0,0.0
2021-12-27 00:00:00-05:00,40.93000030517578,41.04999923706055,40.0,40.27000045776367,14000,0.0,0.0
2021-12-28 00:00:00-05:00,40.27000045776367,40.529998779296875,37.5099983215332,40.119998931884766,18400,0.0,0.0
2021-12-29 00:00:00-05:00,40.5099983215332,40.709999084472656,39.84000015258789,40.310001373291016,33900,0.0,0.0
2021-12-30 00:00:00-05:00,40.380001068115234,40.560001373291016,40.0,40.18000030517578,19000,0.0,0.0
2021-12-31 00:00:00-05:00,39.939998626708984,41.040000915527344,39.720001220703125,39.95000076293945,22600,0.0,0.0
2022-01-03 00:00:00-05:00,39.84000015258789,41.22999954223633,39.84000015258789,40.869998931884766,27600,0.0,0.0
2022-01-04 00:00:00-05:00,40.779998779296875,41.09000015258789,40.38999938964844,40.65999984741211,54700,0.0,0.0
2022-01-05 00:00:00-05:00,40.86000061035156,41.59000015258789,40.66999816894531,41.130001068115234,32400,0.0,0.0
2022-01-06 00:00:00-05:00,41.0099983215332,41.599998474121094,40.90999984741211,41.060001373291016,21400,0.0,0.0
2022-01-07 00:00:00-05:00,40.88999938964844,42.029998779296875,40.56999969482422,41.72999954223633,29500,0.0,0.0
2022-01-10 00:00:00-05:00,41.77000045776367,41.900001525878906,41.22999954223633,41.52000045776367,25800,0.0,0.0
2022-01-11 00:00:00-05:00,41.41999816894531,41.56999969482422,40.459999084472656,40.91999816894531,30500,0.0,0.0
2022-01-12 00:00:00-05:00,40.81999969482422,41.029998779296875,40.310001373291016,40.41999816894531,41600,0.0,0.0
2022-01-13 00:00:00-05:00,40.52000045776367,41.06999969482422,40.25,41.040000915527344,53300,0.0,0.0
2022-01-14 00:00:00-05:00,40.63999938964844,41.7599983215332,40.5099983215332,40.77000045776367,97500,0.0,0.0
2022-01-18 00:00:00-05:00,40.400001525878906,40.40999984741211,39.66999816894531,39.93000030517578,52600,0.0,0.0
2022-01-19 00:00:00-05:00,40.189998626708984,40.189998626708984,39.349998474121094,39.7599983215332,33500,0.0,0.0
2022-01-20 00:00:00-05:00,39.68000030517578,39.75,39.0099983215332,39.040000915527344,41000,0.0,0.0
2022-01-21 00:00:00-05:00,38.900001525878906,40.41999816894531,38.41999816894531,39.439998626708984,58400,0.0,0.0
2022-01-24 00:00:00-05:00,39.0,40.90999984741211,39.0,40.63999938964844,52400,0.0,0.0
2022-01-25 00:00:00-05:00,40.2400016784668,40.75,39.81999969482422,40.18000030517578,30200,0.0,0.0
2022-01-26 00:00:00-05:00,40.31999969482422,42.099998474121094,38.65999984741211,38.75,28400,0.0,0.0
2022-01-27 00:00:00-05:00,38.810001373291016,39.88999938964844,38.369998931884766,38.84000015258789,52400,0.0,0.0
2022-01-28 00:00:00-05:00,39.0099983215332,39.939998626708984,38.70000076293945,39.939998626708984,27600,0.0,0.0
2022-01-31 00:00:00-05:00,39.61000061035156,39.97999954223633,39.400001525878906,39.68000030517578,46200,0.0,0.0
2022-02-01 00:00:00-05:00,39.5099983215332,39.900001525878906,38.40999984741211,38.720001220703125,40400,0.0,0.0
2022-02-02 00:00:00-05:00,38.900001525878906,39.02000045776367,37.619998931884766,37.779998779296875,41600,0.0,0.0
2022-02-03 00:00:00-05:00,37.560001373291016,37.88999938964844,37.2400016784668,37.349998474121094,30400,0.0,0.0
2022-02-04 00:00:00-05:00,37.04999923706055,37.04999923706055,35.70000076293945,36.0099983215332,77400,0.0,0.0
2022-02-07 00:00:00-05:00,35.86000061035156,36.22999954223633,34.77000045776367,36.119998931884766,91500,0.0,0.0
2022-02-08 00:00:00-05:00,35.93000030517578,36.970001220703125,35.7599983215332,36.470001220703125,31600,0.0,0.0
2022-02-09 00:00:00-05:00,36.81999969482422,36.81999969482422,34.209999084472656,34.29999923706055,76500,0.0,0.0
2022-02-10 00:00:00-05:00,34.16999816894531,34.470001220703125,33.27000045776367,33.33000183105469,69100,0.0,0.0
2022-02-11 00:00:00-05:00,33.52000045776367,34.4900016784668,33.0099983215332,34.31999969482422,79900,0.0,0.0
2022-02-14 00:00:00-05:00,34.22999954223633,35.34000015258789,34.0099983215332,34.7400016784668,45300,0.0,0.0
2022-02-15 00:00:00-05:00,35.040000915527344,35.779998779296875,35.040000915527344,35.29999923706055,36900,0.0,0.0
2022-02-16 00:00:00-05:00,35.43000030517578,36.02000045776367,34.56999969482422,34.68000030517578,24100,0.0,0.0
2022-02-17 00:00:00-05:00,34.119998931884766,34.400001525878906,33.529998779296875,34.33000183105469,27200,0.0,0.0
2022-02-18 00:00:00-05:00,34.119998931884766,34.939998626708984,33.5099983215332,34.66999816894531,32600,0.0,0.0
2022-02-22 00:00:00-05:00,34.650001525878906,34.9900016784668,33.5,34.31999969482422,36800,0.0,0.0
2022-02-23 00:00:00-05:00,34.619998931884766,34.95000076293945,34.16999816894531,34.47999954223633,32500,0.0,0.0
2022-02-24 00:00:00-05:00,33.34000015258789,35.04999923706055,32.310001373291016,34.66999816894531,74700,0.0,0.0
2022-02-25 00:00:00-05:00,34.68000030517578,35.2599983215332,33.95000076293945,34.31999969482422,28700,0.0,0.0
2022-02-28 00:00:00-05:00,33.08000183105469,34.15999984741211,33.02000045776367,33.33000183105469,43300,0.0,0.0
2022-03-01 00:00:00-05:00,33.529998779296875,33.529998779296875,32.27000045776367,32.81999969482422,52800,0.0,0.0
2022-03-02 00:00:00-05:00,33.04999923706055,34.11000061035156,33.04999923706055,33.869998931884766,33900,0.0,0.0
2022-03-03 00:00:00-05:00,33.720001220703125,33.810001373291016,33.04999923706055,33.189998626708984,40200,0.0,0.0
2022-03-04 00:00:00-05:00,33.18000030517578,33.18000030517578,32.29999923706055,32.65999984741211,20600,0.0,0.0
2022-03-07 00:00:00-05:00,32.52000045776367,33.59000015258789,32.06999969482422,33.45000076293945,40900,0.0,0.0
2022-03-08 00:00:00-05:00,33.54999923706055,35.06999969482422,33.380001068115234,34.7599983215332,43900,0.0,0.0
2022-03-09 00:00:00-05:00,35.459999084472656,36.0,34.880001068115234,35.349998474121094,44300,0.0,0.0
2022-03-10 00:00:00-05:00,35.27000045776367,35.27000045776367,34.40999984741211,34.790000915527344,30200,0.0,0.0
2022-03-11 00:00:00-05:00,35.540000915527344,35.540000915527344,34.72999954223633,35.220001220703125,26100,0.0,0.0
2022-03-14 00:00:00-04:00,35.599998474121094,36.18000030517578,35.220001220703125,35.970001220703125,34500,0.0,0.0
2022-03-15 00:00:00-04:00,36.2400016784668,36.849998474121094,36.029998779296875,36.68000030517578,36000,0.0,0.0
2022-03-16 00:00:00-04:00,36.560001373291016,37.150001525878906,34.810001373291016,37.029998779296875,45000,0.0,0.0
2022-03-17 00:00:00-04:00,36.810001373291016,38.619998931884766,36.5,38.470001220703125,73500,0.0,0.0
2022-03-18 00:00:00-04:00,37.849998474121094,39.040000915527344,37.029998779296875,39.040000915527344,201800,0.0,0.0
2022-03-21 00:00:00-04:00,38.900001525878906,39.599998474121094,38.79999923706055,39.119998931884766,60800,0.0,0.0
2022-03-22 00:00:00-04:00,39.52000045776367,39.52000045776367,38.310001373291016,38.31999969482422,33200,0.0,0.0
2022-03-23 00:00:00-04:00,38.2400016784668,38.56999969482422,37.689998626708984,38.4900016784668,26700,0.0,0.0
2022-03-24 00:00:00-04:00,39.88999938964844,39.88999938964844,38.43000030517578,39.22999954223633,20900,0.0,0.0
2022-03-25 00:00:00-04:00,38.7400016784668,40.0099983215332,38.66999816894531,39.31999969482422,31600,0.0,0.0
2022-03-28 00:00:00-04:00,39.36000061035156,40.15999984741211,38.779998779296875,39.099998474121094,17900,0.0,0.0
2022-03-29 00:00:00-04:00,39.439998626708984,39.58000183105469,38.90999984741211,39.349998474121094,33700,0.0,0.0
2022-03-30 00:00:00-04:00,39.75,39.75,38.70000076293945,38.869998931884766,22900,0.0,0.0
2022-03-31 00:00:00-04:00,38.869998931884766,40.27000045776367,38.869998931884766,39.880001068115234,49200,0.0,0.0
2022-04-01 00:00:00-04:00,39.779998779296875,40.95000076293945,39.4900016784668,40.52000045776367,42000,0.0,0.0
2022-04-04 00:00:00-04:00,40.61000061035156,40.63999938964844,39.619998931884766,40.34000015258789,32300,0.0,0.0
2022-04-05 00:00:00-04:00,39.91999816894531,40.5,39.70000076293945,39.84000015258789,26800,0.0,0.0
2022-04-06 00:00:00-04:00,39.7400016784668,41.4900016784668,39.7400016784668,41.06999969482422,41700,0.0,0.0
2022-04-07 00:00:00-04:00,42.18000030517578,42.18000030517578,40.619998931884766,41.13999938964844,29300,0.0,0.0
2022-04-08 00:00:00-04:00,41.27000045776367,42.029998779296875,41.27000045776367,41.779998779296875,28700,0.0,0.0
2022-04-11 00:00:00-04:00,41.630001068115234,42.29999923706055,41.33000183105469,41.369998931884766,22900,0.0,0.0
2022-04-12 00:00:00-04:00,41.630001068115234,42.529998779296875,41.09000015258789,41.470001220703125,35000,0.0,0.0
2022-04-13 00:00:00-04:00,41.77000045776367,41.93000030517578,41.400001525878906,41.689998626708984,24600,0.0,0.0
2022-04-14 00:00:00-04:00,41.65999984741211,42.06999969482422,39.810001373291016,40.83000183105469,32200,0.0,0.0
2022-04-18 00:00:00-04:00,40.66999816894531,41.029998779296875,40.060001373291016,40.29999923706055,23600,0.0,0.0
2022-04-19 00:00:00-04:00,40.36000061035156,40.849998474121094,40.16999816894531,40.279998779296875,40600,0.0,0.0
2022-04-20 00:00:00-04:00,40.619998931884766,40.970001220703125,40.11000061035156,40.459999084472656,46000,0.0,0.0
2022-04-21 00:00:00-04:00,40.560001373291016,41.720001220703125,40.040000915527344,41.279998779296875,30300,0.0,0.0
2022-04-22 00:00:00-04:00,40.81999969482422,41.58000183105469,40.810001373291016,41.15999984741211,21300,0.0,0.0
2022-04-25 00:00:00-04:00,41.2599983215332,41.52000045776367,40.959999084472656,41.16999816894531,32300,0.0,0.0
2022-04-26 00:00:00-04:00,41.099998474121094,41.27000045776367,39.9900016784668,40.09000015258789,36100,0.0,0.0
2022-04-27 00:00:00-04:00,40.22999954223633,41.7400016784668,39.439998626708984,40.54999923706055,21100,0.0,0.0
2022-04-28 00:00:00-04:00,40.29999923706055,41.18000030517578,39.86000061035156,40.52000045776367,32600,0.0,0.0
2022-04-29 00:00:00-04:00,40.29999923706055,41.04999923706055,39.439998626708984,39.5,45000,0.0,0.0
2022-05-02 00:00:00-04:00,39.79999923706055,40.189998626708984,39.09000015258789,39.349998474121094,59800,0.0,0.0
2022-05-03 00:00:00-04:00,39.310001373291016,39.88999938964844,38.81999969482422,39.16999816894531,37700,0.0,0.0
2022-05-04 00:00:00-04:00,39.16999816894531,41.2400016784668,39.16999816894531,41.130001068115234,48800,0.0,0.0
2022-05-05 00:00:00-04:00,40.900001525878906,41.880001068115234,39.59000015258789,40.63999938964844,51200,0.0,0.0
2022-05-06 00:00:00-04:00,40.34000015258789,40.84000015258789,39.86000061035156,40.27000045776367,33400,0.0,0.0
2022-05-09 00:00:00-04:00,40.15999984741211,41.540000915527344,38.84000015258789,41.2599983215332,43800,0.0,0.0
2022-05-10 00:00:00-04:00,41.400001525878906,41.70000076293945,39.599998474121094,39.84000015258789,36800,0.0,0.0
2022-05-11 00:00:00-04:00,39.630001068115234,40.75,39.599998474121094,40.119998931884766,40900,0.0,0.0
2022-05-12 00:00:00-04:00,40.029998779296875,41.38999938964844,40.029998779296875,41.25,36900,0.0,0.0
2022-05-13 00:00:00-04:00,41.189998626708984,41.63999938964844,39.7400016784668,39.939998626708984,52200,0.0,0.0
2022-05-16 00:00:00-04:00,39.75,41.130001068115234,39.75,40.95000076293945,32500,0.0,0.0
2022-05-17 00:00:00-04:00,41.2400016784668,42.33000183105469,40.91999816894531,42.33000183105469,34600,0.0,0.0
2022-05-18 00:00:00-04:00,42.189998626708984,43.689998626708984,41.81999969482422,42.7400016784668,75100,0.0,0.0
2022-05-19 00:00:00-04:00,42.38999938964844,42.93000030517578,40.95000076293945,41.2400016784668,60600,0.0,0.0
2022-05-20 00:00:00-04:00,41.439998626708984,41.439998626708984,40.31999969482422,41.16999816894531,201700,0.0,0.0
2022-05-23 00:00:00-04:00,41.560001373291016,42.720001220703125,41.34000015258789,42.720001220703125,35800,0.0,0.0
2022-05-24 00:00:00-04:00,42.72999954223633,44.310001373291016,42.70000076293945,43.91999816894531,48600,0.0,0.0
2022-05-25 00:00:00-04:00,43.61000061035156,44.5,43.61000061035156,44.279998779296875,32600,0.0,0.0
2022-05-26 00:00:00-04:00,44.61000061035156,45.02000045776367,43.7599983215332,44.38999938964844,38100,0.0,0.0
2022-05-27 00:00:00-04:00,44.56999969482422,44.619998931884766,44.08000183105469,44.16999816894531,20000,0.0,0.0
2022-05-31 00:00:00-04:00,43.81999969482422,44.130001068115234,43.810001373291016,44.09000015258789,32600,0.0,0.0
2022-06-01 00:00:00-04:00,43.970001220703125,45.150001525878906,43.970001220703125,44.83000183105469,32200,0.0,0.0
2022-06-02 00:00:00-04:00,45.04999923706055,45.43000030517578,44.25,45.04999923706055,26700,0.0,0.0
2022-06-03 00:00:00-04:00,45.0,45.0,43.97999954223633,44.130001068115234,19400,0.0,0.0
2022-06-06 00:00:00-04:00,44.349998474121094,44.65999984741211,43.97999954223633,44.5099983215332,26200,0.0,0.0
2022-06-07 00:00:00-04:00,44.40999984741211,44.83000183105469,44.20000076293945,44.560001373291016,28900,0.0,0.0
2022-06-08 00:00:00-04:00,44.27000045776367,44.4900016784668,43.59000015258789,43.84000015258789,50300,0.0,0.0
2022-06-09 00:00:00-04:00,43.56999969482422,44.040000915527344,43.25,43.599998474121094,47900,0.0,0.0
2022-06-10 00:00:00-04:00,43.20000076293945,44.40999984741211,42.869998931884766,43.650001525878906,55100,0.0,0.0
2022-06-13 00:00:00-04:00,43.16999816894531,43.47999954223633,41.27000045776367,41.77000045776367,62200,0.0,0.0
2022-06-14 00:00:00-04:00,41.790000915527344,43.7599983215332,41.59000015258789,43.25,54500,0.0,0.0
2022-06-15 00:00:00-04:00,43.630001068115234,43.970001220703125,42.93000030517578,43.400001525878906,41900,0.0,0.0
2022-06-16 00:00:00-04:00,43.099998474121094,43.099998474121094,41.29999923706055,41.58000183105469,57200,0.0,0.0
2022-06-17 00:00:00-04:00,41.58000183105469,42.86000061035156,41.5,42.75,125800,0.0,0.0
2022-06-21 00:00:00-04:00,43.029998779296875,44.459999084472656,42.650001525878906,44.33000183105469,85100,0.0,0.0
2022-06-22 00:00:00-04:00,44.16999816894531,45.459999084472656,44.16999816894531,45.15999984741211,40400,0.0,0.0
2022-06-23 00:00:00-04:00,45.02000045776367,45.58000183105469,44.939998626708984,45.45000076293945,28500,0.0,0.0
2022-06-24 00:00:00-04:00,45.400001525878906,47.529998779296875,45.150001525878906,47.310001373291016,95200,0.0,0.0
2022-06-27 00:00:00-04:00,45.95000076293945,47.720001220703125,45.95000076293945,47.06999969482422,35000,0.0,0.0
2022-06-28 00:00:00-04:00,47.04999923706055,48.9900016784668,45.599998474121094,45.66999816894531,34100,0.0,0.0
2022-06-29 00:00:00-04:00,45.380001068115234,46.41999816894531,43.029998779296875,45.91999816894531,31500,0.0,0.0
2022-06-30 00:00:00-04:00,45.5,46.93000030517578,45.0,46.90999984741211,51500,0.0,0.0
2022-07-01 00:00:00-04:00,46.7400016784668,48.63999938964844,46.7400016784668,48.52000045776367,43700,0.0,0.0
2022-07-05 00:00:00-04:00,47.90999984741211,48.099998474121094,46.709999084472656,48.09000015258789,62700,0.0,0.0
2022-07-06 00:00:00-04:00,47.77000045776367,47.83000183105469,47.08000183105469,47.58000183105469,35900,0.0,0.0
2022-07-07 00:00:00-04:00,47.880001068115234,47.88999938964844,46.119998931884766,46.13999938964844,28100,0.0,0.0
2022-07-08 00:00:00-04:00,45.93000030517578,46.290000915527344,45.22999954223633,45.77000045776367,21600,0.0,0.0
2022-07-11 00:00:00-04:00,45.369998931884766,46.209999084472656,45.369998931884766,45.7400016784668,19300,0.0,0.0
2022-07-12 00:00:00-04:00,45.959999084472656,46.38999938964844,45.099998474121094,45.369998931884766,24000,0.0,0.0
2022-07-13 00:00:00-04:00,45.31999969482422,45.31999969482422,44.2599983215332,44.869998931884766,19800,0.0,0.0
2022-07-14 00:00:00-04:00,44.29999923706055,44.54999923706055,43.619998931884766,44.349998474121094,18500,0.0,0.0
2022-07-15 00:00:00-04:00,44.88999938964844,45.81999969482422,44.540000915527344,45.650001525878906,34400,0.0,0.0
2022-07-18 00:00:00-04:00,45.95000076293945,46.150001525878906,45.310001373291016,45.439998626708984,26100,0.0,0.0
2022-07-19 00:00:00-04:00,45.84000015258789,46.79999923706055,45.84000015258789,46.27000045776367,48400,0.0,0.0
2022-07-20 00:00:00-04:00,45.9900016784668,46.790000915527344,45.279998779296875,45.540000915527344,34100,0.0,0.0
2022-07-21 00:00:00-04:00,45.16999816894531,45.22999954223633,44.0099983215332,44.25,34100,0.0,0.0
2022-07-22 00:00:00-04:00,44.0099983215332,44.70000076293945,42.400001525878906,43.41999816894531,39100,0.0,0.0
2022-07-25 00:00:00-04:00,43.70000076293945,44.58000183105469,43.41999816894531,44.540000915527344,38600,0.0,0.0
2022-07-26 00:00:00-04:00,44.560001373291016,47.20000076293945,44.560001373291016,46.75,127500,0.0,0.0
2022-07-27 00:00:00-04:00,46.77000045776367,47.959999084472656,46.2599983215332,47.36000061035156,46000,0.0,0.0
2022-07-28 00:00:00-04:00,46.9900016784668,47.54999923706055,44.040000915527344,44.36000061035156,60400,0.0,0.0
2022-07-29 00:00:00-04:00,44.11000061035156,46.47999954223633,42.68000030517578,46.040000915527344,46400,0.0,0.0
2022-08-01 00:00:00-04:00,46.2599983215332,47.79999923706055,45.97999954223633,46.959999084472656,52400,0.0,0.0
2022-08-02 00:00:00-04:00,45.95000076293945,46.63999938964844,45.81999969482422,46.130001068115234,24000,0.0,0.0
2022-08-03 00:00:00-04:00,46.0099983215332,46.650001525878906,45.650001525878906,46.4900016784668,38800,0.0,0.0
2022-08-04 00:00:00-04:00,46.29999923706055,46.77000045776367,45.91999816894531,46.34000015258789,69200,0.0,0.0
2022-08-05 00:00:00-04:00,46.130001068115234,46.130001068115234,45.130001068115234,45.630001068115234,36900,0.0,0.0
2022-08-08 00:00:00-04:00,45.52000045776367,46.900001525878906,45.400001525878906,46.540000915527344,39700,0.0,0.0
2022-08-09 00:00:00-04:00,46.369998931884766,48.93000030517578,46.369998931884766,48.880001068115234,71200,0.0,0.0
2022-08-10 00:00:00-04:00,48.83000183105469,48.939998626708984,46.709999084472656,47.189998626708984,66500,0.0,0.0
2022-08-11 00:00:00-04:00,47.65999984741211,47.65999984741211,46.40999984741211,46.88999938964844,48600,0.0,0.0
2022-08-12 00:00:00-04:00,46.70000076293945,48.0,46.369998931884766,47.810001373291016,60400,0.0,0.0
2022-08-15 00:00:00-04:00,47.75,49.369998931884766,47.27000045776367,48.61000061035156,42100,0.0,0.0
2022-08-16 00:00:00-04:00,48.209999084472656,49.59000015258789,48.16999816894531,49.380001068115234,37900,0.0,0.0
2022-08-17 00:00:00-04:00,49.2599983215332,49.400001525878906,48.349998474121094,48.83000183105469,92100,0.0,0.0
2022-08-18 00:00:00-04:00,48.790000915527344,49.849998474121094,48.41999816894531,49.630001068115234,39800,0.0,0.0
2022-08-19 00:00:00-04:00,49.59000015258789,50.45000076293945,48.84000015258789,49.380001068115234,227400,0.0,0.0
2022-08-22 00:00:00-04:00,48.93000030517578,49.290000915527344,48.09000015258789,48.36000061035156,40500,0.0,0.0
2022-08-23 00:00:00-04:00,48.4900016784668,48.4900016784668,47.560001373291016,47.7599983215332,28400,0.0,0.0
2022-08-24 00:00:00-04:00,47.900001525878906,48.779998779296875,47.65999984741211,48.560001373291016,33900,0.0,0.0
2022-08-25 00:00:00-04:00,49.7599983215332,49.7599983215332,48.650001525878906,49.459999084472656,36100,0.0,0.0
2022-08-26 00:00:00-04:00,49.5,50.0,48.95000076293945,49.41999816894531,29300,0.0,0.0
2022-08-29 00:00:00-04:00,48.849998474121094,49.150001525878906,47.75,47.779998779296875,36000,0.0,0.0
2022-08-30 00:00:00-04:00,48.09000015258789,48.09000015258789,46.9900016784668,47.400001525878906,70800,0.0,0.0
2022-08-31 00:00:00-04:00,47.77000045776367,47.77000045776367,46.369998931884766,46.849998474121094,47700,0.0,0.0
2022-09-01 00:00:00-04:00,46.47999954223633,46.900001525878906,45.709999084472656,46.27000045776367,37400,0.0,0.0
2022-09-02 00:00:00-04:00,46.279998779296875,46.7400016784668,45.15999984741211,45.380001068115234,30300,0.0,0.0
2022-09-06 00:00:00-04:00,45.209999084472656,45.4900016784668,44.470001220703125,45.189998626708984,43700,0.0,0.0
2022-09-07 00:00:00-04:00,44.88999938964844,45.83000183105469,44.88999938964844,45.75,37900,0.0,0.0
2022-09-08 00:00:00-04:00,45.2599983215332,45.2599983215332,42.560001373291016,42.77000045776367,47500,0.0,0.0
2022-09-09 00:00:00-04:00,43.18000030517578,43.290000915527344,42.189998626708984,42.91999816894531,38100,0.0,0.0
2022-09-12 00:00:00-04:00,42.93000030517578,43.939998626708984,42.88999938964844,43.369998931884766,36300,0.0,0.0
2022-09-13 00:00:00-04:00,43.119998931884766,43.119998931884766,41.90999984741211,42.20000076293945,57400,0.0,0.0
2022-09-14 00:00:00-04:00,42.369998931884766,42.470001220703125,41.54999923706055,42.29999923706055,58100,0.0,0.0
2022-09-15 00:00:00-04:00,42.119998931884766,42.68000030517578,41.33000183105469,41.970001220703125,45200,0.0,0.0
2022-09-16 00:00:00-04:00,41.91999816894531,42.130001068115234,40.72999954223633,42.11000061035156,149800,0.0,0.0
2022-09-19 00:00:00-04:00,42.04999923706055,42.720001220703125,41.720001220703125,42.58000183105469,41400,0.0,0.0
2022-09-20 00:00:00-04:00,42.45000076293945,42.45000076293945,41.11000061035156,42.040000915527344,53700,0.0,0.0
2022-09-21 00:00:00-04:00,42.02000045776367,42.34000015258789,40.959999084472656,41.4900016784668,27000,0.0,0.0
2022-09-22 00:00:00-04:00,41.470001220703125,41.599998474121094,40.619998931884766,41.459999084472656,28900,0.0,0.0
2022-09-23 00:00:00-04:00,41.0099983215332,41.0099983215332,39.4900016784668,40.18000030517578,42800,0.0,0.0
2022-09-26 00:00:00-04:00,40.18000030517578,40.31999969482422,38.709999084472656,39.5099983215332,38600,0.0,0.0
2022-09-27 00:00:00-04:00,39.61000061035156,39.90999984741211,38.869998931884766,39.209999084472656,30600,0.0,0.0
2022-09-28 00:00:00-04:00,39.310001373291016,40.310001373291016,39.150001525878906,39.86000061035156,54400,0.0,0.0
2022-09-29 00:00:00-04:00,39.34000015258789,40.81999969482422,37.7400016784668,38.029998779296875,39300,0.0,0.0
2022-09-30 00:00:00-04:00,38.33000183105469,39.40999984741211,38.18000030517578,38.56999969482422,91400,0.0,0.0
2022-10-03 00:00:00-04:00,38.939998626708984,40.380001068115234,38.939998626708984,39.86000061035156,34900,0.0,0.0
2022-10-04 00:00:00-04:00,40.43000030517578,40.560001373291016,38.439998626708984,38.91999816894531,52200,0.0,0.0
2022-10-05 00:00:00-04:00,38.38999938964844,38.619998931884766,36.40999984741211,37.31999969482422,60500,0.0,0.0
2022-10-06 00:00:00-04:00,37.36000061035156,37.36000061035156,36.02000045776367,36.34000015258789,82000,0.0,0.0
2022-10-07 00:00:00-04:00,36.04999923706055,36.15999984741211,34.93000030517578,35.34000015258789,43900,0.0,0.0
2022-10-10 00:00:00-04:00,35.25,35.599998474121094,34.7400016784668,35.220001220703125,46200,0.0,0.0
2022-10-11 00:00:00-04:00,35.13999938964844,36.13999938964844,35.13999938964844,35.790000915527344,54800,0.0,0.0
2022-10-12 00:00:00-04:00,35.75,36.5,35.40999984741211,36.220001220703125,48400,0.0,0.0
2022-10-13 00:00:00-04:00,36.0,37.939998626708984,36.0,37.849998474121094,52600,0.0,0.0
2022-10-14 00:00:00-04:00,37.79999923706055,39.33000183105469,36.81999969482422,37.25,62600,0.0,0.0
2022-10-17 00:00:00-04:00,37.93000030517578,38.9900016784668,37.599998474121094,38.2400016784668,60600,0.0,0.0
2022-10-18 00:00:00-04:00,38.529998779296875,38.86000061035156,37.369998931884766,37.77000045776367,39500,0.0,0.0
2022-10-19 00:00:00-04:00,37.63999938964844,37.91999816894531,36.849998474121094,37.900001525878906,37500,0.0,0.0
2022-10-20 00:00:00-04:00,37.70000076293945,38.43000030517578,37.099998474121094,38.25,53700,0.0,0.0
2022-10-21 00:00:00-04:00,38.40999984741211,39.36000061035156,38.22999954223633,38.58000183105469,49600,0.0,0.0
2022-10-24 00:00:00-04:00,38.47999954223633,39.0,37.900001525878906,38.099998474121094,44100,0.0,0.0
2022-10-25 00:00:00-04:00,38.33000183105469,39.790000915527344,38.0099983215332,38.619998931884766,56400,0.0,0.0
2022-10-26 00:00:00-04:00,39.02000045776367,39.650001525878906,38.75,39.22999954223633,52900,0.0,0.0
2022-10-27 00:00:00-04:00,39.06999969482422,42.97999954223633,37.439998626708984,40.22999954223633,44500,0.0,0.0
2022-10-28 00:00:00-04:00,40.599998474121094,43.13999938964844,40.599998474121094,42.90999984741211,49200,0.0,0.0
2022-10-31 00:00:00-04:00,43.15999984741211,43.5,42.15999984741211,43.119998931884766,64600,0.0,0.0
2022-11-01 00:00:00-04:00,43.5,45.900001525878906,43.5,45.0,47300,0.0,0.0
2022-11-02 00:00:00-04:00,44.11000061035156,46.27000045776367,44.11000061035156,44.65999984741211,56000,0.0,0.0
2022-11-03 00:00:00-04:00,44.119998931884766,44.81999969482422,43.869998931884766,44.040000915527344,27900,0.0,0.0
2022-11-04 00:00:00-04:00,44.040000915527344,45.11000061035156,43.90999984741211,45.0,25100,0.0,0.0
2022-11-07 00:00:00-05:00,44.75,46.06999969482422,44.75,45.56999969482422,32600,0.0,0.0
2022-11-08 00:00:00-05:00,45.47999954223633,46.689998626708984,45.47999954223633,46.56999969482422,37500,0.0,0.0
2022-11-09 00:00:00-05:00,46.2599983215332,46.68000030517578,45.70000076293945,46.400001525878906,50000,0.0,0.0
2022-11-10 00:00:00-05:00,47.380001068115234,48.84000015258789,47.380001068115234,48.099998474121094,39100,0.0,0.0
2022-11-11 00:00:00-05:00,47.84000015258789,48.7599983215332,47.439998626708984,47.540000915527344,45400,0.0,0.0
2022-11-14 00:00:00-05:00,47.25,49.040000915527344,47.25,48.72999954223633,42700,0.0,0.0
2022-11-15 00:00:00-05:00,49.029998779296875,49.970001220703125,48.630001068115234,49.279998779296875,30700,0.0,0.0
2022-11-16 00:00:00-05:00,49.25,49.599998474121094,48.59000015258789,48.689998626708984,27300,0.0,0.0
2022-11-17 00:00:00-05:00,48.369998931884766,48.970001220703125,47.779998779296875,48.40999984741211,24200,0.0,0.0
2022-11-18 00:00:00-05:00,48.849998474121094,49.619998931884766,48.22999954223633,48.52000045776367,26400,0.0,0.0
2022-11-21 00:00:00-05:00,48.66999816894531,48.939998626708984,48.20000076293945,48.220001220703125,31400,0.0,0.0
2022-11-22 00:00:00-05:00,48.58000183105469,48.58000183105469,47.81999969482422,47.959999084472656,32400,0.0,0.0
2022-11-23 00:00:00-05:00,48.04999923706055,48.25,46.97999954223633,47.0,27600,0.0,0.0
2022-11-25 00:00:00-05:00,46.95000076293945,47.459999084472656,46.91999816894531,46.97999954223633,16300,0.0,0.0
2022-11-28 00:00:00-05:00,46.95000076293945,49.470001220703125,46.189998626708984,46.709999084472656,38000,0.0,0.0
2022-11-29 00:00:00-05:00,46.150001525878906,47.40999984741211,46.150001525878906,47.27000045776367,30200,0.0,0.0
2022-11-30 00:00:00-05:00,47.56999969482422,48.650001525878906,46.599998474121094,48.40999984741211,39900,0.0,0.0
2022-12-01 00:00:00-05:00,48.790000915527344,49.47999954223633,48.0,49.36000061035156,31300,0.0,0.0
2022-12-02 00:00:00-05:00,49.20000076293945,49.79999923706055,46.209999084472656,49.369998931884766,22900,0.0,0.0
2022-12-05 00:00:00-05:00,49.13999938964844,49.13999938964844,46.880001068115234,47.880001068115234,36100,0.0,0.0
2022-12-06 00:00:00-05:00,47.880001068115234,47.959999084472656,47.290000915527344,47.88999938964844,36900,0.0,0.0
2022-12-07 00:00:00-05:00,47.939998626708984,48.0,46.709999084472656,47.13999938964844,30500,0.0,0.0
2022-12-08 00:00:00-05:00,46.29999923706055,46.970001220703125,46.290000915527344,46.34000015258789,19500,0.0,0.0
2022-12-09 00:00:00-05:00,46.09000015258789,46.189998626708984,45.220001220703125,45.400001525878906,39500,0.0,0.0
2022-12-12 00:00:00-05:00,45.13999938964844,45.13999938964844,44.13999938964844,44.38999938964844,47000,0.0,0.0
2022-12-13 00:00:00-05:00,44.650001525878906,45.040000915527344,42.970001220703125,43.40999984741211,71900,0.0,0.0
2022-12-14 00:00:00-05:00,43.16999816894531,43.720001220703125,42.18000030517578,42.380001068115234,51800,0.0,0.0
2022-12-15 00:00:00-05:00,42.0,42.029998779296875,40.90999984741211,41.380001068115234,53300,0.0,0.0
2022-12-16 00:00:00-05:00,40.880001068115234,41.72999954223633,40.16999816894531,40.529998779296875,558800,0.0,0.0
2022-12-19 00:00:00-05:00,40.84000015258789,44.900001525878906,40.83000183105469,44.7599983215332,53700,0.0,0.0
2022-12-20 00:00:00-05:00,44.84000015258789,46.47999954223633,43.900001525878906,46.279998779296875,61100,0.0,0.0
2022-12-21 00:00:00-05:00,46.709999084472656,47.70000076293945,46.0099983215332,47.65999984741211,37000,0.0,0.0
2022-12-22 00:00:00-05:00,47.290000915527344,47.790000915527344,45.880001068115234,46.88999938964844,34300,0.0,0.0
2022-12-23 00:00:00-05:00,46.869998931884766,47.70000076293945,46.5,47.59000015258789,19600,0.0,0.0
2022-12-27 00:00:00-05:00,47.52000045776367,47.880001068115234,46.59000015258789,46.7400016784668,25700,0.0,0.0
2022-12-28 00:00:00-05:00,46.68000030517578,47.86000061035156,45.43000030517578,45.560001373291016,41200,0.0,0.0
2022-12-29 00:00:00-05:00,45.540000915527344,46.599998474121094,45.540000915527344,46.11000061035156,57700,0.0,0.0
2022-12-30 00:00:00-05:00,45.619998931884766,46.400001525878906,44.939998626708984,45.310001373291016,24000,0.0,0.0
2023-01-03 00:00:00-05:00,45.63999938964844,48.04999923706055,45.63999938964844,47.2400016784668,42500,0.0,0.0
2023-01-04 00:00:00-05:00,46.95000076293945,47.20000076293945,45.130001068115234,45.27000045776367,53000,0.0,0.0
2023-01-05 00:00:00-05:00,44.540000915527344,46.41999816894531,44.540000915527344,45.59000015258789,41800,0.0,0.0
2023-01-06 00:00:00-05:00,46.20000076293945,46.91999816894531,45.869998931884766,46.56999969482422,22700,0.0,0.0
2023-01-09 00:00:00-05:00,46.11000061035156,46.56999969482422,45.38999938964844,45.5099983215332,41200,0.0,0.0
2023-01-10 00:00:00-05:00,45.459999084472656,46.2400016784668,44.939998626708984,45.970001220703125,31300,0.0,0.0
2023-01-11 00:00:00-05:00,45.70000076293945,46.04999923706055,45.15999984741211,45.560001373291016,35900,0.0,0.0
2023-01-12 00:00:00-05:00,45.959999084472656,46.93000030517578,45.68000030517578,46.7400016784668,20900,0.0,0.0
2023-01-13 00:00:00-05:00,46.720001220703125,47.81999969482422,46.54999923706055,47.59000015258789,33000,0.0,0.0
2023-01-17 00:00:00-05:00,47.41999816894531,48.08000183105469,46.709999084472656,47.40999984741211,35400,0.0,0.0
2023-01-18 00:00:00-05:00,47.45000076293945,47.7400016784668,46.5,46.970001220703125,21700,0.0,0.0
2023-01-19 00:00:00-05:00,46.91999816894531,47.72999954223633,46.130001068115234,46.939998626708984,21300,0.0,0.0
2023-01-20 00:00:00-05:00,47.310001373291016,48.279998779296875,46.40999984741211,47.63999938964844,33400,0.0,0.0
2023-01-23 00:00:00-05:00,47.59000015258789,48.040000915527344,46.36000061035156,46.56999969482422,22300,0.0,0.0
2023-01-24 00:00:00-05:00,46.209999084472656,47.470001220703125,46.209999084472656,47.470001220703125,13900,0.0,0.0
2023-01-25 00:00:00-05:00,47.04999923706055,48.0,47.04999923706055,47.810001373291016,14400,0.0,0.0
2023-01-26 00:00:00-05:00,47.939998626708984,48.36000061035156,47.650001525878906,48.11000061035156,20700,0.0,0.0
2023-01-27 00:00:00-05:00,47.83000183105469,48.22999954223633,46.79999923706055,47.810001373291016,25700,0.0,0.0
2023-01-30 00:00:00-05:00,47.779998779296875,48.2599983215332,47.040000915527344,47.20000076293945,24600,0.0,0.0
2023-01-31 00:00:00-05:00,47.16999816894531,49.13999938964844,46.70000076293945,48.880001068115234,26900,0.0,0.0
2023-02-01 00:00:00-05:00,48.810001373291016,50.27000045776367,48.779998779296875,49.439998626708984,38300,0.0,0.0
2023-02-02 00:00:00-05:00,49.25,49.900001525878906,48.04999923706055,48.970001220703125,39600,0.0,0.0
2023-02-03 00:00:00-05:00,48.540000915527344,49.290000915527344,47.65999984741211,48.099998474121094,57700,0.0,0.0
2023-02-06 00:00:00-05:00,47.41999816894531,48.279998779296875,47.0,47.970001220703125,39800,0.0,0.0
2023-02-07 00:00:00-05:00,47.29999923706055,48.84000015258789,47.029998779296875,47.529998779296875,25700,0.0,0.0
2023-02-08 00:00:00-05:00,46.93000030517578,47.150001525878906,46.29999923706055,46.86000061035156,26600,0.0,0.0
2023-02-09 00:00:00-05:00,46.709999084472656,47.34000015258789,45.470001220703125,46.2400016784668,32500,0.0,0.0
2023-02-10 00:00:00-05:00,46.18000030517578,47.290000915527344,45.900001525878906,47.029998779296875,32400,0.0,0.0
2023-02-13 00:00:00-05:00,47.0099983215332,47.61000061035156,46.560001373291016,47.38999938964844,24200,0.0,0.0
2023-02-14 00:00:00-05:00,46.79999923706055,47.939998626708984,46.79999923706055,47.220001220703125,38700,0.0,0.0
2023-02-15 00:00:00-05:00,46.70000076293945,47.20000076293945,44.220001220703125,46.439998626708984,37200,0.0,0.0
2023-02-16 00:00:00-05:00,46.04999923706055,46.04999923706055,44.810001373291016,45.439998626708984,39100,0.0,0.0
2023-02-17 00:00:00-05:00,45.689998626708984,48.060001373291016,45.54999923706055,47.75,35400,0.0,0.0
2023-02-21 00:00:00-05:00,47.43000030517578,47.58000183105469,46.75,47.20000076293945,32500,0.0,0.0
2023-02-22 00:00:00-05:00,46.880001068115234,47.81999969482422,45.540000915527344,47.41999816894531,49000,0.0,0.0
2023-02-23 00:00:00-05:00,45.529998779296875,45.529998779296875,40.349998474121094,40.86000061035156,56600,0.0,0.0
2023-02-24 00:00:00-05:00,40.5099983215332,43.11000061035156,40.5099983215332,42.650001525878906,36200,0.0,0.0
2023-02-27 00:00:00-05:00,42.4900016784668,43.40999984741211,41.5,41.790000915527344,44300,0.0,0.0
2023-02-28 00:00:00-05:00,42.16999816894531,42.38999938964844,41.27000045776367,42.04999923706055,73500,0.0,0.0
2023-03-01 00:00:00-05:00,41.66999816894531,42.22999954223633,41.56999969482422,41.72999954223633,39200,0.0,0.0
2023-03-02 00:00:00-05:00,41.25,41.52000045776367,40.18000030517578,40.7599983215332,48900,0.0,0.0
2023-03-03 00:00:00-05:00,40.66999816894531,41.0099983215332,40.029998779296875,40.130001068115234,46500,0.0,0.0
2023-03-06 00:00:00-05:00,39.77000045776367,40.34000015258789,39.27000045776367,39.959999084472656,73400,0.0,0.0
2023-03-07 00:00:00-05:00,39.61000061035156,39.939998626708984,39.20000076293945,39.939998626708984,36300,0.0,0.0
2023-03-08 00:00:00-05:00,39.650001525878906,41.40999984741211,39.09000015258789,41.02000045776367,55800,0.0,0.0
2023-03-09 00:00:00-05:00,40.709999084472656,41.209999084472656,40.47999954223633,40.689998626708984,32500,0.0,0.0
2023-03-10 00:00:00-05:00,40.31999969482422,40.849998474121094,40.150001525878906,40.4900016784668,38500,0.0,0.0
2023-03-13 00:00:00-04:00,39.81999969482422,41.060001373291016,39.81999969482422,40.099998474121094,31300,0.0,0.0
2023-03-14 00:00:00-04:00,40.849998474121094,41.459999084472656,40.150001525878906,41.13999938964844,45300,0.0,0.0
2023-03-15 00:00:00-04:00,40.36000061035156,40.86000061035156,39.9900016784668,40.41999816894531,45800,0.0,0.0
2023-03-16 00:00:00-04:00,39.900001525878906,41.040000915527344,39.81999969482422,40.81999969482422,30700,0.0,0.0
2023-03-17 00:00:00-04:00,40.380001068115234,40.900001525878906,39.029998779296875,39.2599983215332,208400,0.0,0.0
2023-03-20 00:00:00-04:00,39.2599983215332,40.189998626708984,36.86000061035156,39.52000045776367,61200,0.0,0.0
2023-03-21 00:00:00-04:00,39.810001373291016,40.4900016784668,39.369998931884766,39.77000045776367,59300,0.0,0.0
2023-03-22 00:00:00-04:00,39.52000045776367,40.47999954223633,38.540000915527344,38.70000076293945,42300,0.0,0.0
2023-03-23 00:00:00-04:00,38.66999816894531,39.119998931884766,38.45000076293945,38.63999938964844,33100,0.0,0.0
2023-03-24 00:00:00-04:00,38.220001220703125,39.15999984741211,37.9900016784668,38.7400016784668,38700,0.0,0.0
2023-03-27 00:00:00-04:00,39.29999923706055,40.0,38.72999954223633,39.13999938964844,26200,0.0,0.0
2023-03-28 00:00:00-04:00,38.849998474121094,39.599998474121094,38.849998474121094,39.470001220703125,33200,0.0,0.0
2023-03-29 00:00:00-04:00,39.84000015258789,40.209999084472656,39.400001525878906,39.689998626708984,37300,0.0,0.0
2023-03-30 00:00:00-04:00,39.77000045776367,40.130001068115234,39.2599983215332,40.04999923706055,49600,0.0,0.0
2023-03-31 00:00:00-04:00,40.369998931884766,41.20000076293945,40.18000030517578,40.91999816894531,55000,0.0,0.0
2023-04-03 00:00:00-04:00,40.84000015258789,41.189998626708984,40.31999969482422,41.189998626708984,35100,0.0,0.0
2023-04-04 00:00:00-04:00,41.22999954223633,41.22999954223633,40.349998474121094,41.08000183105469,36800,0.0,0.0
2023-04-05 00:00:00-04:00,40.810001373291016,42.11000061035156,40.689998626708984,42.060001373291016,30700,0.0,0.0
2023-04-06 00:00:00-04:00,42.220001220703125,42.220001220703125,40.7599983215332,41.689998626708984,39100,0.0,0.0
2023-04-10 00:00:00-04:00,41.77000045776367,42.15999984741211,41.0,41.099998474121094,54500,0.0,0.0
2023-04-11 00:00:00-04:00,41.029998779296875,41.45000076293945,40.93000030517578,41.15999984741211,23100,0.0,0.0
2023-04-12 00:00:00-04:00,41.25,41.25,40.540000915527344,40.56999969482422,26100,0.0,0.0
2023-04-13 00:00:00-04:00,40.709999084472656,40.95000076293945,40.040000915527344,40.40999984741211,23600,0.0,0.0
2023-04-14 00:00:00-04:00,40.689998626708984,40.849998474121094,39.65999984741211,39.77000045776367,25900,0.0,0.0
2023-04-17 00:00:00-04:00,40.0099983215332,40.81999969482422,39.75,40.27000045776367,34100,0.0,0.0
2023-04-18 00:00:00-04:00,40.15999984741211,43.04999923706055,38.9900016784668,39.45000076293945,55900,0.0,0.0
2023-04-19 00:00:00-04:00,39.15999984741211,39.15999984741211,38.689998626708984,38.779998779296875,26100,0.0,0.0
2023-04-20 00:00:00-04:00,38.56999969482422,39.13999938964844,37.83000183105469,39.0,45100,0.0,0.0
2023-04-21 00:00:00-04:00,38.95000076293945,39.459999084472656,38.7599983215332,39.130001068115234,30000,0.0,0.0
2023-04-24 00:00:00-04:00,39.0099983215332,39.939998626708984,38.619998931884766,38.77000045776367,61000,0.0,0.0
2023-04-25 00:00:00-04:00,38.34000015258789,38.95000076293945,38.34000015258789,38.83000183105469,35300,0.0,0.0
2023-04-26 00:00:00-04:00,38.54999923706055,39.09000015258789,38.04999923706055,38.400001525878906,28700,0.0,0.0
2023-04-27 00:00:00-04:00,38.0099983215332,39.34000015258789,37.560001373291016,37.689998626708984,57800,0.0,0.0
2023-04-28 00:00:00-04:00,37.29999923706055,37.380001068115234,35.90999984741211,36.16999816894531,70700,0.0,0.0
2023-05-01 00:00:00-04:00,36.209999084472656,37.5099983215332,36.15999984741211,36.560001373291016,39800,0.0,0.0
2023-05-02 00:00:00-04:00,36.54999923706055,37.060001373291016,36.540000915527344,36.83000183105469,43200,0.0,0.0
2023-05-03 00:00:00-04:00,36.630001068115234,37.7599983215332,36.45000076293945,36.529998779296875,52900,0.0,0.0
2023-05-04 00:00:00-04:00,36.47999954223633,36.529998779296875,35.029998779296875,36.060001373291016,48600,0.0,0.0
2023-05-05 00:00:00-04:00,36.2599983215332,36.90999984741211,35.90999984741211,36.7400016784668,50600,0.0,0.0
2023-05-08 00:00:00-04:00,36.61000061035156,36.939998626708984,35.84000015258789,36.290000915527344,50000,0.0,0.0
2023-05-09 00:00:00-04:00,36.18000030517578,37.290000915527344,36.029998779296875,36.369998931884766,37800,0.0,0.0
2023-05-10 00:00:00-04:00,36.68000030517578,37.380001068115234,35.66999816894531,36.43000030517578,56000,0.0,0.0
2023-05-11 00:00:00-04:00,36.529998779296875,36.790000915527344,36.13999938964844,36.689998626708984,40600,0.0,0.0
2023-05-12 00:00:00-04:00,36.77000045776367,37.13999938964844,36.5,36.689998626708984,30500,0.0,0.0
2023-05-15 00:00:00-04:00,36.529998779296875,36.90999984741211,36.27000045776367,36.689998626708984,48000,0.0,0.0
2023-05-16 00:00:00-04:00,36.619998931884766,36.9900016784668,36.22999954223633,36.63999938964844,34500,0.0,0.0
2023-05-17 00:00:00-04:00,36.959999084472656,37.720001220703125,36.59000015258789,37.709999084472656,41700,0.0,0.0
2023-05-18 00:00:00-04:00,37.25,37.59000015258789,36.56999969482422,37.029998779296875,59700,0.0,0.0
2023-05-19 00:00:00-04:00,37.369998931884766,37.7599983215332,37.0099983215332,37.400001525878906,26000,0.0,0.0
2023-05-22 00:00:00-04:00,37.68000030517578,38.060001373291016,37.33000183105469,37.93000030517578,34500,0.0,0.0
2023-05-23 00:00:00-04:00,38.060001373291016,38.279998779296875,38.0,38.0099983215332,3856,0.0,0.0
