Date,Open,High,Low,Close,Volume,Dividends,Stock Splits
2021-03-04 00:00:00-05:00,24.737450488477105,25.23729619075452,24.737450488477105,25.10008430480957,96200,0.0,0.0
2021-03-05 00:00:00-05:00,25.08048121634434,25.433313904580245,25.04127675348627,25.139286041259766,104700,0.0,0.0
2021-03-08 00:00:00-05:00,25.077540694692814,25.139286041259762,25.077540694692814,25.139286041259766,14300,0.0,0.0
2021-03-09 00:00:00-05:00,25.129486011716477,25.237296419864375,25.011876356802187,25.178491592407227,33400,0.0,0.0
2021-03-10 00:00:00-05:00,25.178490433995396,25.188291549682617,25.06381943676375,25.188291549682617,21700,0.0,0.0
2021-03-11 00:00:00-05:00,25.188291549682617,25.22749414305983,25.021676321743207,25.188291549682617,19100,0.0,0.0
2021-03-12 00:00:00-05:00,25.129486011716477,25.18829270854538,25.090283416535634,25.178491592407227,6200,0.0,0.0
2021-03-15 00:00:00-04:00,25.161828616596992,25.247096266402117,25.161828616596992,25.237295150756836,90000,0.0,0.0
2021-03-16 00:00:00-04:00,25.188292653455143,25.217694132433532,25.188292653455143,25.202993392944336,3300,0.0,0.0
2021-03-17 00:00:00-04:00,25.237296309576767,25.237296309576767,25.100084422985795,25.227495193481445,6700,0.0,0.0
2021-03-18 00:00:00-04:00,25.18829161983235,25.22749421331874,25.100083447773372,25.139286041259766,8700,0.0,0.0
2021-03-19 00:00:00-04:00,25.100083270466214,25.237295150756832,25.100083270466214,25.237295150756836,4300,0.0,0.0
2021-03-22 00:00:00-04:00,25.18829408861091,25.237297802614815,25.18731266838309,25.2069149017334,8400,0.0,0.0
2021-03-23 00:00:00-04:00,25.237295560466215,25.237295560466215,25.18829185081593,25.217693328857422,10700,0.0,0.0
2021-03-24 00:00:00-04:00,25.23729694683746,25.286300659179688,25.041278358724956,25.286300659179688,71000,0.0,0.0
2021-03-25 00:00:00-04:00,25.237296873829813,25.384309879803006,25.090283867856616,25.33530616760254,56300,0.0,0.0
2021-03-26 00:00:00-04:00,25.286300111866275,25.5803279876709,25.286300111866275,25.5803279876709,75700,0.0,0.0
2021-03-29 00:00:00-04:00,25.501921000144637,25.6293317714602,25.46271653551107,25.531322479248047,62100,0.0,0.0
2021-03-30 00:00:00-04:00,25.570527054609553,25.62933188244278,25.482318878173825,25.482318878173828,49700,0.0,0.0
2021-03-31 00:00:00-04:00,25.403910950703686,25.668535470977154,25.149087546296464,25.34510612487793,393500,0.0,0.0
2021-04-01 00:00:00-04:00,25.237297002417506,25.305902947596433,25.198092536959944,25.261798858642578,2500,0.0,0.0
2021-04-05 00:00:00-04:00,25.286300659179688,25.286300659179688,25.25689917952307,25.286300659179688,4800,0.0,0.0
2021-04-06 00:00:00-04:00,25.35588795105135,25.35588795105135,25.33530616760254,25.33530616760254,2300,0.0,0.0
2021-04-07 00:00:00-04:00,25.31570389253256,25.354908357724646,25.060880476899392,25.158889770507812,6700,0.0,0.0
2021-04-08 00:00:00-04:00,25.217694304797522,25.311783524663678,25.217694304797522,25.3059024810791,2100,0.0,0.0
2021-04-09 00:00:00-04:00,25.296100545546707,25.34510612487793,25.22259498060744,25.34510612487793,7600,0.0,0.0
2021-04-12 00:00:00-04:00,25.40391118056573,25.423513412475586,25.33530523825296,25.423513412475586,5900,0.0,0.0
2021-04-13 00:00:00-04:00,25.423513412475586,25.423513412475586,25.423513412475586,25.423513412475586,700,0.0,0.0
2021-04-14 00:00:00-04:00,25.38893825770499,25.487726390388094,25.38893825770499,25.46796989440918,5400,0.205,0.0
2021-04-15 00:00:00-04:00,25.418573069367127,25.467969018272232,25.418573069367127,25.45808982849121,1600,0.0,0.0
2021-04-16 00:00:00-04:00,25.438332708003372,25.586516793527515,25.438332708003372,25.53712272644043,3000,0.0,0.0
2021-04-19 00:00:00-04:00,25.487725976384983,25.63591194152832,25.487725976384983,25.63591194152832,1000,0.0,0.0
2021-04-20 00:00:00-04:00,25.487725358436634,25.537121307041083,25.438331294094958,25.477848052978516,6500,0.0,0.0
2021-04-21 00:00:00-04:00,25.458089673536737,25.477848052978516,25.41165767027483,25.477848052978516,1600,0.0,0.0
2021-04-22 00:00:00-04:00,25.47784867068739,25.63591194152832,25.47784867068739,25.63591194152832,3400,0.0,0.0
2021-04-23 00:00:00-04:00,25.48772677509046,25.537122726440426,25.33954268956632,25.53712272644043,5300,0.0,0.0
2021-04-26 00:00:00-04:00,25.438332411209228,25.630971908569336,25.418574030899766,25.630971908569336,6700,0.0,0.0
2021-04-27 00:00:00-04:00,25.527242172445177,25.60627380612019,25.418572969543494,25.586515426635742,61600,0.0,0.0
2021-04-28 00:00:00-04:00,25.616152840805473,25.616152840805473,25.507483638561574,25.606273651123047,3700,0.0,0.0
2021-04-29 00:00:00-04:00,25.626031931705334,25.734699249267578,25.586515173127967,25.734699249267578,2300,0.0,0.0
2021-04-30 00:00:00-04:00,25.576635983483623,25.813730882159557,25.537121109169014,25.734699249267578,68800,0.0,0.0
2021-05-03 00:00:00-04:00,25.63393534983111,25.69518519702796,25.63393534983111,25.63591194152832,1900,0.0,0.0
2021-05-04 00:00:00-04:00,25.63591194152832,25.69024465991635,25.586515991726266,25.63591194152832,2900,0.0,0.0
2021-05-05 00:00:00-04:00,25.54304925288529,25.586515426635742,25.54304925288529,25.586515426635742,2000,0.0,0.0
2021-05-06 00:00:00-04:00,25.5371222363342,25.635912252875283,25.438332219793114,25.59639549255371,7800,0.0,0.0
2021-05-07 00:00:00-04:00,25.537121109169014,25.734699249267578,25.537121109169014,25.734699249267578,1500,0.0,0.0
2021-05-10 00:00:00-04:00,25.616153717041016,25.705064542961384,25.52032764653268,25.616153717041016,1900,0.0,0.0
2021-05-11 00:00:00-04:00,25.438331294094958,25.537121307041083,25.438331294094958,25.477848052978516,12300,0.0,0.0
2021-05-12 00:00:00-04:00,25.438332708003372,25.537122726440426,25.438332708003372,25.53712272644043,12200,0.0,0.0
2021-05-13 00:00:00-04:00,25.428451926816596,25.497604370117188,25.428451926816596,25.497604370117188,2400,0.0,0.0
2021-05-14 00:00:00-04:00,25.458090754905836,25.576637268066406,25.102447446898427,25.576637268066406,4500,0.0,0.0
2021-05-17 00:00:00-04:00,25.45808994784165,25.52724239237021,25.45808994784165,25.489702224731445,3500,0.0,0.0
2021-05-18 00:00:00-04:00,25.53218200288669,25.582565307617188,25.53218200288669,25.582565307617188,1300,0.0,0.0
2021-05-19 00:00:00-04:00,25.45808982849121,25.45808982849121,25.45808982849121,25.45808982849121,2000,0.0,0.0
2021-05-20 00:00:00-04:00,25.467969894409183,25.467969894409183,25.467969894409183,25.46796989440918,200,0.0,0.0
2021-05-21 00:00:00-04:00,25.72482214321245,25.72482214321245,25.477848052978516,25.477848052978516,1600,0.0,0.0
2021-05-24 00:00:00-04:00,25.477848052978516,25.673451487221485,25.191357203861024,25.477848052978516,29900,0.0,0.0
2021-05-25 00:00:00-04:00,25.408695220947266,25.43833279185494,25.280269515539782,25.408695220947266,32400,0.0,0.0
2021-05-26 00:00:00-04:00,25.4086947536839,25.492666927579958,25.38893825770499,25.46796989440918,31500,0.0,0.0
2021-05-27 00:00:00-04:00,25.46797036276261,25.46797036276261,25.339542773092244,25.408695220947266,6400,0.0,0.0
2021-05-28 00:00:00-04:00,25.428452672026438,25.438331861967868,25.16172019639632,25.29014778137207,32300,0.0,0.0
2021-06-01 00:00:00-04:00,25.35929983787461,25.37905821745452,25.161719810601095,25.22099494934082,57600,0.0,0.0
2021-06-02 00:00:00-04:00,25.309906965083535,25.35930103209659,25.181479376028992,25.19135856628418,35300,0.0,0.0
2021-06-03 00:00:00-04:00,25.191357845796812,25.32867538316965,25.122205400251186,25.161720275878906,45800,0.0,0.0
2021-06-04 00:00:00-04:00,25.141964238649024,25.349421579068796,25.141964238649024,25.339542388916016,43600,0.0,0.0
2021-06-07 00:00:00-04:00,25.270389942109425,25.39881564556983,25.201237495302838,25.339542388916016,6300,0.0,0.0
2021-06-08 00:00:00-04:00,25.290148657006558,25.47686026585457,25.21111701900159,25.30002784729004,20300,0.0,0.0
2021-06-09 00:00:00-04:00,25.240751036271032,25.38893699645996,25.240751036271032,25.38893699645996,11400,0.0,0.0
2021-06-10 00:00:00-04:00,25.294099921734652,25.537122726440426,25.270390241939243,25.53712272644043,29300,0.0,0.0
2021-06-11 00:00:00-04:00,25.43833150324651,25.566757202148438,25.290147424740347,25.566757202148438,30200,0.0,0.0
2021-06-14 00:00:00-04:00,25.547000298813355,25.734699249267578,25.45710023832867,25.734699249267578,1900,0.0,0.0
2021-06-15 00:00:00-04:00,25.418572991477816,25.428452181228565,25.34942054748535,25.34942054748535,6500,0.0,0.0
2021-06-16 00:00:00-04:00,25.497605809669714,25.690245308101115,25.349421725050398,25.556880950927734,140400,0.0,0.0
2021-06-17 00:00:00-04:00,25.537121207608845,25.60627365112305,25.408693626000098,25.606273651123047,13800,0.0,0.0
2021-06-18 00:00:00-04:00,25.51736434590044,25.576637603257524,25.51736434590044,25.53712272644043,1400,0.0,0.0
2021-06-21 00:00:00-04:00,25.52724266052246,25.556880230315798,25.52724266052246,25.52724266052246,3700,0.0,0.0
2021-06-22 00:00:00-04:00,25.642827602596782,25.665548044038243,25.43833232404654,25.46796989440918,5800,0.0,0.0
2021-06-23 00:00:00-04:00,25.467969894409183,25.487726390388094,25.458090704288303,25.46796989440918,10000,0.0,0.0
2021-06-24 00:00:00-04:00,25.467970056534984,25.54700169374228,25.40375626247191,25.528230667114258,23500,0.0,0.0
2021-06-25 00:00:00-04:00,25.448211439903588,25.57663714257456,25.35930061333798,25.46500587463379,9200,0.0,0.0
2021-06-28 00:00:00-04:00,25.596394716899937,25.596394716899937,25.359299814943782,25.45808982849121,5100,0.0,0.0
2021-06-29 00:00:00-04:00,25.32966224560072,25.467969018272232,25.32966224560072,25.45808982849121,4500,0.0,0.0
2021-06-30 00:00:00-04:00,25.507484356305802,25.64578924722591,25.45809029076657,25.63591194152832,18600,0.0,0.0
2021-07-01 00:00:00-04:00,25.48772621154785,25.48772621154785,25.48772621154785,25.48772621154785,800,0.0,0.0
2021-07-02 00:00:00-04:00,25.467970123303573,25.62603339813256,25.458090933093903,25.556880950927734,2400,0.0,0.0
2021-07-06 00:00:00-04:00,25.44821110080616,25.63591194152832,25.42845272088534,25.63591194152832,3900,0.0,0.0
2021-07-07 00:00:00-04:00,25.487726583000065,25.61615417127919,25.487726583000065,25.502546310424805,1900,0.0,0.0
2021-07-08 00:00:00-04:00,25.497604858788584,25.497604858788584,25.438331604003906,25.438331604003906,8200,0.0,0.0
2021-07-09 00:00:00-04:00,25.418572914653176,25.517362927599304,25.418572914653176,25.477848052978516,3700,0.0,0.0
2021-07-12 00:00:00-04:00,25.419563410260196,25.6556690844987,25.419563410260196,25.556880950927734,83700,0.0,0.0
2021-07-13 00:00:00-04:00,25.56675738048902,25.586515760231073,25.547000885009762,25.547000885009766,7300,0.0,0.0
2021-07-14 00:00:00-04:00,25.770000457763672,25.780000686645508,25.58099937438965,25.58099937438965,8900,0.313,0.0
2021-07-15 00:00:00-04:00,25.763999938964844,25.84000015258789,25.672000885009766,25.75,11800,0.0,0.0
2021-07-16 00:00:00-04:00,25.780000686645508,25.829999923706055,25.709999084472656,25.709999084472656,3300,0.0,0.0
2021-07-19 00:00:00-04:00,25.66900062561035,25.66900062561035,25.600000381469727,25.6200008392334,3600,0.0,0.0
2021-07-20 00:00:00-04:00,25.670000076293945,25.68000030517578,25.649999618530273,25.65999984741211,3000,0.0,0.0
2021-07-21 00:00:00-04:00,25.684999465942383,25.739999771118164,25.600000381469727,25.670000076293945,2100,0.0,0.0
2021-07-22 00:00:00-04:00,25.700000762939453,25.829999923706055,25.690000534057617,25.829999923706055,5100,0.0,0.0
2021-07-23 00:00:00-04:00,25.829999923706055,25.829999923706055,25.829999923706055,25.829999923706055,200,0.0,0.0
2021-07-26 00:00:00-04:00,25.8700008392334,25.8700008392334,25.8700008392334,25.8700008392334,500,0.0,0.0
2021-07-27 00:00:00-04:00,25.908000946044922,25.950000762939453,25.908000946044922,25.950000762939453,800,0.0,0.0
2021-07-28 00:00:00-04:00,25.950000762939453,25.950000762939453,25.9060001373291,25.950000762939453,1200,0.0,0.0
2021-07-29 00:00:00-04:00,26.0,26.100000381469727,26.0,26.100000381469727,2500,0.0,0.0
2021-07-30 00:00:00-04:00,26.100000381469727,26.100000381469727,26.049999237060547,26.049999237060547,3600,0.0,0.0
2021-08-02 00:00:00-04:00,26.149999618530273,26.149999618530273,26.059999465942383,26.059999465942383,14400,0.0,0.0
2021-08-03 00:00:00-04:00,26.049999237060547,26.059999465942383,26.049999237060547,26.059999465942383,1700,0.0,0.0
2021-08-04 00:00:00-04:00,25.990999221801758,26.059999465942383,25.990999221801758,26.059999465942383,1400,0.0,0.0
2021-08-05 00:00:00-04:00,26.149999618530273,26.149999618530273,26.030000686645508,26.030000686645508,1700,0.0,0.0
2021-08-06 00:00:00-04:00,25.8700008392334,26.059999465942383,25.860000610351562,26.059999465942383,3200,0.0,0.0
2021-08-09 00:00:00-04:00,25.809999465942383,25.950000762939453,25.799999237060547,25.799999237060547,1300,0.0,0.0
2021-08-10 00:00:00-04:00,25.760000228881836,25.760000228881836,25.75,25.75,3900,0.0,0.0
2021-08-11 00:00:00-04:00,25.760000228881836,25.760000228881836,25.6200008392334,25.6200008392334,3700,0.0,0.0
2021-08-12 00:00:00-04:00,25.65999984741211,26.100000381469727,25.65999984741211,26.09000015258789,4500,0.0,0.0
2021-08-13 00:00:00-04:00,25.84000015258789,26.09000015258789,25.79599952697754,26.0,2300,0.0,0.0
2021-08-16 00:00:00-04:00,25.93000030517578,25.979999542236328,25.864999771118164,25.979999542236328,17300,0.0,0.0
2021-08-17 00:00:00-04:00,25.809999465942383,25.809999465942383,25.690000534057617,25.690000534057617,2800,0.0,0.0
2021-08-18 00:00:00-04:00,25.700000762939453,25.700000762939453,25.520000457763672,25.649999618530273,8800,0.0,0.0
2021-08-19 00:00:00-04:00,25.540000915527344,25.809999465942383,25.540000915527344,25.809999465942383,15600,0.0,0.0
2021-08-20 00:00:00-04:00,25.799999237060547,26.06999969482422,25.799999237060547,26.06999969482422,21200,0.0,0.0
2021-08-23 00:00:00-04:00,25.924999237060547,25.924999237060547,25.924999237060547,25.924999237060547,300,0.0,0.0
2021-08-24 00:00:00-04:00,25.85300064086914,26.06800079345703,25.85300064086914,26.06800079345703,7500,0.0,0.0
2021-08-25 00:00:00-04:00,25.989999771118164,25.989999771118164,25.989999771118164,25.989999771118164,1300,0.0,0.0
2021-08-26 00:00:00-04:00,25.989999771118164,25.989999771118164,25.989999771118164,25.989999771118164,0,0.0,0.0
2021-08-27 00:00:00-04:00,25.899999618530273,25.899999618530273,25.8700008392334,25.8700008392334,8200,0.0,0.0
2021-08-30 00:00:00-04:00,25.93000030517578,25.93000030517578,25.93000030517578,25.93000030517578,800,0.0,0.0
2021-08-31 00:00:00-04:00,25.899999618530273,26.0,25.899999618530273,26.0,2800,0.0,0.0
2021-09-01 00:00:00-04:00,26.0,26.0,25.808000564575195,26.0,2100,0.0,0.0
2021-09-02 00:00:00-04:00,25.969999313354492,26.1299991607666,25.969999313354492,26.1299991607666,7100,0.0,0.0
2021-09-03 00:00:00-04:00,26.100000381469727,26.100000381469727,25.8700008392334,25.889999389648438,6000,0.0,0.0
2021-09-07 00:00:00-04:00,25.850000381469727,25.850000381469727,25.850000381469727,25.850000381469727,500,0.0,0.0
2021-09-08 00:00:00-04:00,25.850000381469727,25.940000534057617,25.81999969482422,25.899999618530273,10300,0.0,0.0
2021-09-09 00:00:00-04:00,25.950000762939453,25.989999771118164,25.950000762939453,25.989999771118164,1200,0.0,0.0
2021-09-10 00:00:00-04:00,25.989999771118164,25.989999771118164,25.989999771118164,25.989999771118164,0,0.0,0.0
2021-09-13 00:00:00-04:00,26.09000015258789,26.09000015258789,26.09000015258789,26.09000015258789,300,0.0,0.0
2021-09-14 00:00:00-04:00,25.97800064086914,26.100000381469727,25.97800064086914,26.100000381469727,1900,0.0,0.0
2021-09-15 00:00:00-04:00,25.920000076293945,26.100000381469727,25.920000076293945,26.06999969482422,2100,0.0,0.0
2021-09-16 00:00:00-04:00,25.739999771118164,26.200000762939453,25.739999771118164,26.139999389648438,5000,0.0,0.0
2021-09-17 00:00:00-04:00,26.062999725341797,26.062999725341797,25.965999603271484,25.965999603271484,700,0.0,0.0
2021-09-20 00:00:00-04:00,25.965999603271484,25.965999603271484,25.965999603271484,25.965999603271484,0,0.0,0.0
2021-09-21 00:00:00-04:00,25.97800064086914,25.97800064086914,25.62700080871582,25.62700080871582,1000,0.0,0.0
2021-09-22 00:00:00-04:00,26.19499969482422,26.200000762939453,25.75,26.200000762939453,4500,0.0,0.0
2021-09-23 00:00:00-04:00,26.173999786376953,26.200000762939453,26.142000198364258,26.200000762939453,3100,0.0,0.0
2021-09-24 00:00:00-04:00,25.760000228881836,26.19300079345703,25.760000228881836,26.079999923706055,1100,0.0,0.0
2021-09-27 00:00:00-04:00,25.899999618530273,25.899999618530273,25.649999618530273,25.81999969482422,7300,0.0,0.0
2021-09-28 00:00:00-04:00,25.799999237060547,25.860000610351562,25.790000915527344,25.860000610351562,8400,0.0,0.0
2021-09-29 00:00:00-04:00,26.020000457763672,26.030000686645508,26.020000457763672,26.030000686645508,1200,0.0,0.0
2021-09-30 00:00:00-04:00,25.850000381469727,26.010000228881836,25.850000381469727,26.010000228881836,8100,0.0,0.0
2021-10-01 00:00:00-04:00,26.010000228881836,26.010000228881836,26.010000228881836,26.010000228881836,0,0.0,0.0
2021-10-04 00:00:00-04:00,25.96500015258789,26.020999908447266,25.850000381469727,25.850000381469727,3600,0.0,0.0
2021-10-05 00:00:00-04:00,25.893999099731445,25.893999099731445,25.850000381469727,25.8799991607666,2500,0.0,0.0
2021-10-06 00:00:00-04:00,25.799999237060547,25.829999923706055,25.799999237060547,25.829999923706055,1000,0.0,0.0
2021-10-07 00:00:00-04:00,25.829999923706055,25.829999923706055,25.829999923706055,25.829999923706055,0,0.0,0.0
2021-10-08 00:00:00-04:00,25.84000015258789,25.84000015258789,25.84000015258789,25.84000015258789,700,0.0,0.0
2021-10-11 00:00:00-04:00,25.81999969482422,25.81999969482422,25.75,25.766000747680664,1600,0.0,0.0
2021-10-12 00:00:00-04:00,25.84000015258789,25.989999771118164,25.84000015258789,25.972000122070312,1400,0.0,0.0
2021-10-13 00:00:00-04:00,26.450000762939453,26.559999465942383,26.1200008392334,26.389999389648438,3800,0.0,0.0
2021-10-14 00:00:00-04:00,26.124000549316406,26.350000381469727,26.1200008392334,26.350000381469727,7100,0.0,0.0
2021-10-15 00:00:00-04:00,26.260000228881836,26.260000228881836,25.950000762939453,26.110000610351562,3900,0.0,0.0
2021-10-18 00:00:00-04:00,26.059999465942383,26.299999237060547,26.059999465942383,26.299999237060547,600,0.0,0.0
2021-10-19 00:00:00-04:00,26.0,26.200000762939453,26.0,26.0,7800,0.0,0.0
2021-10-20 00:00:00-04:00,25.8799991607666,25.954999923706055,25.825000762939453,25.825000762939453,1700,0.0,0.0
2021-10-21 00:00:00-04:00,25.899999618530273,26.049999237060547,25.899999618530273,26.049999237060547,4800,0.0,0.0
2021-10-22 00:00:00-04:00,26.049999237060547,26.049999237060547,26.049999237060547,26.049999237060547,0,0.0,0.0
2021-10-25 00:00:00-04:00,26.047000885009766,26.049999237060547,25.81999969482422,25.850000381469727,5700,0.0,0.0
2021-10-26 00:00:00-04:00,25.799999237060547,26.034000396728516,25.79199981689453,26.0,10600,0.0,0.0
2021-10-27 00:00:00-04:00,25.829999923706055,26.1560001373291,25.799999237060547,25.899999618530273,9100,0.0,0.0
2021-10-28 00:00:00-04:00,26.049999237060547,26.139999389648438,25.989999771118164,26.1299991607666,5400,0.0,0.0
2021-10-29 00:00:00-04:00,26.1200008392334,26.149999618530273,26.1200008392334,26.149999618530273,1800,0.0,0.0
2021-11-01 00:00:00-04:00,26.360000610351562,26.399999618530273,26.360000610351562,26.399999618530273,3000,0.0,0.0
2021-11-02 00:00:00-04:00,26.399999618530273,26.399999618530273,26.395999908447266,26.399999618530273,3000,0.0,0.0
2021-11-03 00:00:00-04:00,26.155000686645508,26.399999618530273,26.003999710083008,26.003999710083008,8100,0.0,0.0
2021-11-04 00:00:00-04:00,26.104999542236328,26.2549991607666,26.0,26.110000610351562,10000,0.0,0.0
2021-11-05 00:00:00-04:00,26.040000915527344,26.19499969482422,25.989999771118164,26.0,15500,0.0,0.0
2021-11-08 00:00:00-05:00,26.0,26.0,25.940000534057617,25.940000534057617,1400,0.0,0.0
2021-11-09 00:00:00-05:00,25.940000534057617,26.025999069213867,25.899999618530273,25.899999618530273,8900,0.0,0.0
2021-11-10 00:00:00-05:00,25.98699951171875,25.98699951171875,25.628999710083008,25.75,6100,0.0,0.0
2021-11-11 00:00:00-05:00,25.559999465942383,25.56999969482422,25.559999465942383,25.56999969482422,1200,0.0,0.0
2021-11-12 00:00:00-05:00,25.613000869750977,25.82699966430664,25.613000869750977,25.82699966430664,2100,0.0,0.0
2021-11-15 00:00:00-05:00,25.7450008392334,25.7450008392334,25.7450008392334,25.7450008392334,800,0.0,0.0
2021-11-16 00:00:00-05:00,25.916000366210938,25.916000366210938,25.600000381469727,25.709999084472656,5700,0.0,0.0
2021-11-17 00:00:00-05:00,25.75,25.75,25.649999618530273,25.711999893188477,2300,0.0,0.0
2021-11-18 00:00:00-05:00,25.6299991607666,25.70199966430664,25.575000762939453,25.700000762939453,4800,0.0,0.0
2021-11-19 00:00:00-05:00,25.84000015258789,25.84000015258789,25.690000534057617,25.690000534057617,1000,0.0,0.0
2021-11-22 00:00:00-05:00,25.729999542236328,25.75,25.655000686645508,25.68600082397461,2100,0.0,0.0
2021-11-23 00:00:00-05:00,25.510000228881836,25.739999771118164,25.427000045776367,25.739999771118164,8700,0.0,0.0
2021-11-24 00:00:00-05:00,25.780000686645508,25.780000686645508,25.71500015258789,25.71500015258789,700,0.0,0.0
2021-11-26 00:00:00-05:00,25.780000686645508,25.84000015258789,25.760000228881836,25.84000015258789,1500,0.0,0.0
2021-11-29 00:00:00-05:00,25.736000061035156,26.100000381469727,25.68000030517578,25.959999084472656,4500,0.0,0.0
2021-11-30 00:00:00-05:00,26.149999618530273,26.149999618530273,25.729999542236328,25.809999465942383,2400,0.0,0.0
2021-12-01 00:00:00-05:00,25.850000381469727,25.850000381469727,25.65999984741211,25.709999084472656,9200,0.0,0.0
2021-12-02 00:00:00-05:00,25.889999389648438,25.889999389648438,25.889999389648438,25.889999389648438,600,0.0,0.0
2021-12-03 00:00:00-05:00,25.889999389648438,25.889999389648438,25.889999389648438,25.889999389648438,0,0.0,0.0
2021-12-06 00:00:00-05:00,25.799999237060547,25.96500015258789,25.799999237060547,25.96500015258789,3400,0.0,0.0
2021-12-07 00:00:00-05:00,25.770000457763672,25.770000457763672,25.739999771118164,25.739999771118164,3000,0.0,0.0
2021-12-08 00:00:00-05:00,25.690000534057617,25.899999618530273,25.690000534057617,25.899999618530273,900,0.0,0.0
2021-12-09 00:00:00-05:00,25.899999618530273,25.899999618530273,25.899999618530273,25.899999618530273,200,0.0,0.0
2021-12-10 00:00:00-05:00,25.899999618530273,25.899999618530273,25.899999618530273,25.899999618530273,300,0.0,0.0
2021-12-13 00:00:00-05:00,25.886999130249023,25.886999130249023,25.886999130249023,25.886999130249023,600,0.0,0.0
2021-12-14 00:00:00-05:00,25.79400062561035,25.93000030517578,25.79400062561035,25.93000030517578,600,0.0,0.0
2021-12-15 00:00:00-05:00,25.709999084472656,25.850000381469727,25.709999084472656,25.850000381469727,2100,0.0,0.0
2021-12-16 00:00:00-05:00,25.709999084472656,25.959999084472656,25.709999084472656,25.920000076293945,2100,0.0,0.0
2021-12-17 00:00:00-05:00,25.920000076293945,25.920000076293945,25.920000076293945,25.920000076293945,600,0.0,0.0
2021-12-20 00:00:00-05:00,25.920000076293945,25.959999084472656,25.920000076293945,25.940000534057617,1600,0.0,0.0
2021-12-21 00:00:00-05:00,25.940000534057617,25.940000534057617,25.899999618530273,25.899999618530273,1700,0.0,0.0
2021-12-22 00:00:00-05:00,25.899999618530273,25.969999313354492,25.899999618530273,25.950000762939453,3700,0.0,0.0
2021-12-23 00:00:00-05:00,25.950000762939453,25.950000762939453,25.70199966430664,25.70199966430664,1300,0.0,0.0
2021-12-27 00:00:00-05:00,25.799999237060547,26.06999969482422,25.718000411987305,26.06999969482422,1200,0.0,0.0
2021-12-28 00:00:00-05:00,25.739999771118164,25.850000381469727,25.65999984741211,25.78499984741211,5400,0.0,0.0
2021-12-29 00:00:00-05:00,25.799999237060547,25.899999618530273,25.799999237060547,25.899999618530273,2800,0.0,0.0
2021-12-30 00:00:00-05:00,25.93000030517578,25.93000030517578,25.93000030517578,25.93000030517578,1600,0.0,0.0
2021-12-31 00:00:00-05:00,25.920000076293945,25.93000030517578,25.920000076293945,25.93000030517578,2000,0.0,0.0
2022-01-03 00:00:00-05:00,25.739999771118164,25.93199920654297,25.739999771118164,25.84000015258789,1400,0.0,0.0
2022-01-04 00:00:00-05:00,25.84000015258789,25.84000015258789,25.84000015258789,25.84000015258789,600,0.0,0.0
2022-01-05 00:00:00-05:00,25.709999084472656,25.719999313354492,25.709999084472656,25.719999313354492,1700,0.0,0.0
2022-01-06 00:00:00-05:00,25.774999618530273,25.774999618530273,25.774999618530273,25.774999618530273,1800,0.0,0.0
2022-01-07 00:00:00-05:00,25.81999969482422,25.81999969482422,25.670000076293945,25.716999053955078,1300,0.0,0.0
2022-01-10 00:00:00-05:00,25.649999618530273,25.719999313354492,25.649999618530273,25.68000030517578,7500,0.0,0.0
2022-01-11 00:00:00-05:00,25.878000259399414,25.878000259399414,25.812000274658203,25.812000274658203,1700,0.0,0.0
2022-01-12 00:00:00-05:00,25.84000015258789,26.035999298095703,25.84000015258789,26.035999298095703,1700,0.0,0.0
2022-01-13 00:00:00-05:00,25.850000381469727,25.850000381469727,25.670000076293945,25.68000030517578,1600,0.0,0.0
2022-01-14 00:00:00-05:00,25.84000015258789,25.84000015258789,25.450000762939453,25.600000381469727,1800,0.0,0.0
2022-01-18 00:00:00-05:00,25.6299991607666,25.733999252319336,25.450000762939453,25.600000381469727,6200,0.0,0.0
2022-01-19 00:00:00-05:00,25.399999618530273,25.743999481201172,25.399999618530273,25.56999969482422,1400,0.0,0.0
2022-01-20 00:00:00-05:00,25.65999984741211,25.65999984741211,25.65999984741211,25.65999984741211,600,0.0,0.0
2022-01-21 00:00:00-05:00,25.40999984741211,25.649999618530273,25.402999877929688,25.565000534057617,1400,0.0,0.0
2022-01-24 00:00:00-05:00,25.459999084472656,25.600000381469727,25.43000030517578,25.600000381469727,2800,0.0,0.0
2022-01-25 00:00:00-05:00,25.429000854492188,25.65999984741211,25.429000854492188,25.65999984741211,700,0.0,0.0
2022-01-26 00:00:00-05:00,25.732999801635742,25.732999801635742,25.459999084472656,25.56999969482422,4800,0.0,0.0
2022-01-27 00:00:00-05:00,25.56999969482422,25.56999969482422,25.3700008392334,25.450000762939453,5300,0.0,0.0
2022-01-28 00:00:00-05:00,25.450000762939453,25.459999084472656,25.43000030517578,25.440000534057617,3500,0.0,0.0
2022-01-31 00:00:00-05:00,25.48200035095215,25.48200035095215,25.3700008392334,25.3700008392334,3600,0.0,0.0
2022-02-01 00:00:00-05:00,25.479999542236328,25.479999542236328,25.427000045776367,25.427000045776367,700,0.0,0.0
2022-02-02 00:00:00-05:00,25.440000534057617,25.440000534057617,25.270000457763672,25.270000457763672,143100,0.0,0.0
2022-02-03 00:00:00-05:00,25.399999618530273,25.399999618530273,25.34000015258789,25.34000015258789,7600,0.0,0.0
2022-02-04 00:00:00-05:00,25.350000381469727,25.350000381469727,25.260000228881836,25.260000228881836,2400,0.0,0.0
2022-02-07 00:00:00-05:00,25.29400062561035,25.40999984741211,25.260000228881836,25.260000228881836,2900,0.0,0.0
2022-02-08 00:00:00-05:00,25.290000915527344,25.290000915527344,25.209999084472656,25.270000457763672,4000,0.0,0.0
2022-02-09 00:00:00-05:00,25.219999313354492,25.652999877929688,25.219999313354492,25.59600067138672,1200,0.0,0.0
2022-02-10 00:00:00-05:00,25.5,25.5,25.40999984741211,25.469999313354492,3500,0.0,0.0
2022-02-11 00:00:00-05:00,25.389999389648438,25.389999389648438,25.299999237060547,25.299999237060547,3100,0.0,0.0
2022-02-14 00:00:00-05:00,25.43000030517578,25.43000030517578,25.350000381469727,25.354999542236328,6800,0.0,0.0
2022-02-15 00:00:00-05:00,25.360000610351562,25.360000610351562,25.360000610351562,25.360000610351562,900,0.0,0.0
2022-02-16 00:00:00-05:00,25.540000915527344,25.56999969482422,25.540000915527344,25.56999969482422,1000,0.0,0.0
2022-02-17 00:00:00-05:00,25.450000762939453,25.469999313354492,25.350000381469727,25.395000457763672,2100,0.0,0.0
2022-02-18 00:00:00-05:00,25.405000686645508,25.405000686645508,25.405000686645508,25.405000686645508,400,0.0,0.0
2022-02-22 00:00:00-05:00,25.5,25.549999237060547,25.361000061035156,25.5,8600,0.0,0.0
2022-02-23 00:00:00-05:00,25.5,25.5,25.5,25.5,400,0.0,0.0
2022-02-24 00:00:00-05:00,25.440000534057617,25.469999313354492,25.34000015258789,25.34000015258789,2300,0.0,0.0
2022-02-25 00:00:00-05:00,25.34000015258789,25.53700065612793,25.209999084472656,25.5,7000,0.0,0.0
2022-02-28 00:00:00-05:00,25.260000228881836,25.399999618530273,25.049999237060547,25.049999237060547,6200,0.0,0.0
2022-03-01 00:00:00-05:00,25.229999542236328,25.229999542236328,25.1200008392334,25.1200008392334,800,0.0,0.0
2022-03-02 00:00:00-05:00,25.200000762939453,25.200000762939453,25.200000762939453,25.200000762939453,500,0.0,0.0
2022-03-03 00:00:00-05:00,25.200000762939453,25.200000762939453,25.200000762939453,25.200000762939453,300,0.0,0.0
2022-03-04 00:00:00-05:00,25.040000915527344,25.040000915527344,25.030000686645508,25.030000686645508,1300,0.0,0.0
2022-03-07 00:00:00-05:00,25.100000381469727,25.149999618530273,25.0,25.0,6000,0.0,0.0
2022-03-08 00:00:00-05:00,25.049999237060547,25.125,25.049999237060547,25.06999969482422,2300,0.0,0.0
2022-03-09 00:00:00-05:00,25.100000381469727,25.375,25.100000381469727,25.375,5300,0.0,0.0
2022-03-10 00:00:00-05:00,25.25,25.25,25.100000381469727,25.15999984741211,9100,0.0,0.0
2022-03-11 00:00:00-05:00,25.200000762939453,25.200000762939453,25.079999923706055,25.200000762939453,6700,0.0,0.0
2022-03-14 00:00:00-04:00,25.100000381469727,25.1200008392334,25.06999969482422,25.079999923706055,7400,0.0,0.0
2022-03-15 00:00:00-04:00,25.100000381469727,25.209999084472656,25.100000381469727,25.200000762939453,4800,0.0,0.0
2022-03-16 00:00:00-04:00,25.149999618530273,25.219999313354492,25.049999237060547,25.049999237060547,7100,0.0,0.0
2022-03-17 00:00:00-04:00,25.1299991607666,25.15999984741211,25.100000381469727,25.100000381469727,3600,0.0,0.0
2022-03-18 00:00:00-04:00,25.1299991607666,25.200000762939453,25.093000411987305,25.18000030517578,58500,0.0,0.0
2022-03-21 00:00:00-04:00,25.1299991607666,25.200000762939453,25.049999237060547,25.05500030517578,10500,0.0,0.0
2022-03-22 00:00:00-04:00,25.18000030517578,25.200000762939453,25.100000381469727,25.200000762939453,2700,0.0,0.0
2022-03-23 00:00:00-04:00,25.139999389648438,25.170000076293945,25.06999969482422,25.100000381469727,14400,0.0,0.0
2022-03-24 00:00:00-04:00,25.1200008392334,25.209999084472656,25.06999969482422,25.200000762939453,36000,0.0,0.0
2022-03-25 00:00:00-04:00,25.100000381469727,25.18000030517578,25.079999923706055,25.079999923706055,7900,0.0,0.0
2022-03-28 00:00:00-04:00,25.1200008392334,25.200000762939453,25.100000381469727,25.100000381469727,33100,0.0,0.0
2022-03-29 00:00:00-04:00,25.1200008392334,25.18000030517578,25.100000381469727,25.1200008392334,12400,0.0,0.0
2022-03-30 00:00:00-04:00,25.163000106811523,25.200000762939453,25.079999923706055,25.1200008392334,33100,0.0,0.0
2022-03-31 00:00:00-04:00,25.1299991607666,25.1299991607666,25.079999923706055,25.079999923706055,4700,0.0,0.0
2022-04-01 00:00:00-04:00,25.079999923706055,25.1299991607666,25.070999145507812,25.100000381469727,4800,0.0,0.0
2022-04-04 00:00:00-04:00,25.108999252319336,25.149999618530273,25.07900047302246,25.118000030517578,9700,0.0,0.0
2022-04-05 00:00:00-04:00,25.1200008392334,25.174999237060547,25.09000015258789,25.09000015258789,16700,0.0,0.0
2022-04-06 00:00:00-04:00,25.09000015258789,25.09000015258789,25.040000915527344,25.09000015258789,3800,0.0,0.0
2022-04-07 00:00:00-04:00,25.089000701904297,25.18000030517578,25.066999435424805,25.100000381469727,8800,0.0,0.0
2022-04-08 00:00:00-04:00,25.110000610351562,25.1299991607666,25.06999969482422,25.100000381469727,4000,0.0,0.0
2022-04-11 00:00:00-04:00,25.079999923706055,25.100000381469727,25.020000457763672,25.045000076293945,7900,0.0,0.0
2022-04-12 00:00:00-04:00,25.049999237060547,25.389999389648438,25.049999237060547,25.100000381469727,23600,0.0,0.0
2022-04-13 00:00:00-04:00,24.979999542236328,25.0,24.878000259399414,24.899999618530273,7800,0.0,0.0
2022-04-14 00:00:00-04:00,24.90999984741211,24.917999267578125,24.84000015258789,24.908000946044922,2400,0.0,0.0
2022-04-18 00:00:00-04:00,24.889999389648438,24.899999618530273,24.84000015258789,24.87299919128418,2900,0.0,0.0
2022-04-19 00:00:00-04:00,24.84000015258789,24.857999801635742,24.68000030517578,24.764999389648438,5400,0.0,0.0
2022-04-20 00:00:00-04:00,24.75,24.899999618530273,24.75,24.809999465942383,5400,0.0,0.0
2022-04-21 00:00:00-04:00,24.889999389648438,24.929000854492188,24.83799934387207,24.90999984741211,11100,0.0,0.0
2022-04-22 00:00:00-04:00,24.81999969482422,24.81999969482422,24.68000030517578,24.68000030517578,16300,0.0,0.0
2022-04-25 00:00:00-04:00,24.790000915527344,24.790000915527344,24.667999267578125,24.700000762939453,5200,0.0,0.0
2022-04-26 00:00:00-04:00,24.690000534057617,24.69499969482422,24.665000915527344,24.670000076293945,3100,0.0,0.0
2022-04-27 00:00:00-04:00,24.760000228881836,24.770000457763672,24.670000076293945,24.670000076293945,2300,0.0,0.0
2022-04-28 00:00:00-04:00,24.670000076293945,24.77899932861328,24.450000762939453,24.77899932861328,6400,0.0,0.0
2022-04-29 00:00:00-04:00,24.729999542236328,24.799999237060547,24.5,24.799999237060547,19300,0.0,0.0
2022-05-02 00:00:00-04:00,24.64699935913086,24.829999923706055,24.600000381469727,24.749000549316406,3700,0.0,0.0
2022-05-03 00:00:00-04:00,24.770999908447266,24.829999923706055,24.45400047302246,24.829999923706055,7800,0.0,0.0
2022-05-04 00:00:00-04:00,24.829999923706055,24.920000076293945,24.540000915527344,24.899999618530273,6000,0.0,0.0
2022-05-05 00:00:00-04:00,24.8700008392334,24.889999389648438,24.500999450683594,24.841999053955078,16500,0.0,0.0
2022-05-06 00:00:00-04:00,24.559999465942383,24.84000015258789,24.5310001373291,24.79199981689453,3500,0.0,0.0
2022-05-09 00:00:00-04:00,24.649999618530273,24.739999771118164,24.239999771118164,24.459999084472656,6600,0.0,0.0
2022-05-10 00:00:00-04:00,24.059999465942383,24.69099998474121,24.059999465942383,24.415000915527344,1700,0.0,0.0
2022-05-11 00:00:00-04:00,24.391000747680664,24.59000015258789,24.391000747680664,24.59000015258789,800,0.0,0.0
2022-05-12 00:00:00-04:00,24.420000076293945,24.440000534057617,24.270000457763672,24.440000534057617,1300,0.0,0.0
2022-05-13 00:00:00-04:00,24.469999313354492,24.469999313354492,24.469999313354492,24.469999313354492,700,0.0,0.0
2022-05-16 00:00:00-04:00,24.770000457763672,24.889999389648438,24.709999084472656,24.889999389648438,5800,0.0,0.0
2022-05-17 00:00:00-04:00,24.799999237060547,24.83799934387207,24.652000427246094,24.670000076293945,3800,0.0,0.0
2022-05-18 00:00:00-04:00,24.649999618530273,24.68000030517578,24.07200050354004,24.385000228881836,2500,0.0,0.0
2022-05-19 00:00:00-04:00,24.3799991607666,24.600000381469727,24.190000534057617,24.520000457763672,4300,0.0,0.0
2022-05-20 00:00:00-04:00,24.507999420166016,24.549999237060547,24.507999420166016,24.549999237060547,600,0.0,0.0
2022-05-23 00:00:00-04:00,24.5,24.75,24.360000610351562,24.75,23500,0.0,0.0
2022-05-24 00:00:00-04:00,24.75,24.760000228881836,24.15999984741211,24.729999542236328,10400,0.0,0.0
2022-05-25 00:00:00-04:00,24.684999465942383,24.75,24.649999618530273,24.75,10000,0.0,0.0
2022-05-26 00:00:00-04:00,24.700000762939453,24.75,24.559999465942383,24.739999771118164,17200,0.0,0.0
2022-05-27 00:00:00-04:00,24.649999618530273,24.799999237060547,24.59000015258789,24.716999053955078,12100,0.0,0.0
2022-05-31 00:00:00-04:00,24.700000762939453,24.90999984741211,24.700000762939453,24.799999237060547,24000,0.0,0.0
2022-06-01 00:00:00-04:00,24.799999237060547,24.799999237060547,24.700000762939453,24.700000762939453,900,0.0,0.0
2022-06-02 00:00:00-04:00,24.700000762939453,24.700000762939453,24.700000762939453,24.700000762939453,400,0.0,0.0
2022-06-03 00:00:00-04:00,24.799999237060547,24.799999237060547,24.75,24.75,5400,0.0,0.0
2022-06-06 00:00:00-04:00,24.799999237060547,24.799999237060547,24.600000381469727,24.624000549316406,1600,0.0,0.0
2022-06-07 00:00:00-04:00,24.790000915527344,24.799999237060547,24.600000381469727,24.799999237060547,3800,0.0,0.0
2022-06-08 00:00:00-04:00,24.799999237060547,24.799999237060547,24.68000030517578,24.700000762939453,3200,0.0,0.0
2022-06-09 00:00:00-04:00,24.75,24.75,24.75,24.75,1100,0.0,0.0
2022-06-10 00:00:00-04:00,24.690000534057617,24.690000534057617,24.360000610351562,24.360000610351562,2400,0.0,0.0
2022-06-13 00:00:00-04:00,24.600000381469727,24.600000381469727,23.899999618530273,23.899999618530273,8100,0.0,0.0
2022-06-14 00:00:00-04:00,24.200000762939453,24.200000762939453,23.799999237060547,23.799999237060547,2900,0.0,0.0
2022-06-15 00:00:00-04:00,24.479999542236328,24.499000549316406,23.969999313354492,24.399999618530273,4400,0.0,0.0
2022-06-16 00:00:00-04:00,24.3700008392334,24.3799991607666,24.049999237060547,24.100000381469727,1700,0.0,0.0
2022-06-17 00:00:00-04:00,24.3799991607666,24.389999389648438,24.0,24.200000762939453,1200,0.0,0.0
2022-06-21 00:00:00-04:00,24.360000610351562,24.5,24.04400062561035,24.25,5600,0.0,0.0
2022-06-22 00:00:00-04:00,24.25,24.25,24.25,24.25,0,0.0,0.0
2022-06-23 00:00:00-04:00,24.5,24.5,24.274999618530273,24.274999618530273,1900,0.0,0.0
2022-06-24 00:00:00-04:00,24.274999618530273,24.479999542236328,24.229999542236328,24.479999542236328,900,0.0,0.0
2022-06-27 00:00:00-04:00,24.5,24.5,24.5,24.5,600,0.0,0.0
2022-06-28 00:00:00-04:00,24.219999313354492,24.3799991607666,24.219999313354492,24.3799991607666,800,0.0,0.0
2022-06-29 00:00:00-04:00,24.5,24.5,24.5,24.5,1000,0.0,0.0
2022-06-30 00:00:00-04:00,24.40999984741211,24.5,24.0,24.0,1900,0.0,0.0
2022-07-01 00:00:00-04:00,24.5,24.5,24.5,24.5,600,0.0,0.0
2022-07-05 00:00:00-04:00,24.399999618530273,24.399999618530273,24.399999618530273,24.399999618530273,1300,0.0,0.0
2022-07-06 00:00:00-04:00,24.309999465942383,24.309999465942383,23.88800048828125,24.209999084472656,2800,0.0,0.0
2022-07-07 00:00:00-04:00,24.03499984741211,24.389999389648438,24.03499984741211,24.389999389648438,1000,0.0,0.0
2022-07-08 00:00:00-04:00,24.299999237060547,24.299999237060547,24.21500015258789,24.21500015258789,1500,0.0,0.0
2022-07-11 00:00:00-04:00,24.21500015258789,24.21500015258789,24.21500015258789,24.21500015258789,300,0.0,0.0
2022-07-12 00:00:00-04:00,23.90999984741211,24.100000381469727,23.90999984741211,24.100000381469727,2100,0.0,0.0
2022-07-13 00:00:00-04:00,24.017000198364258,24.100000381469727,24.017000198364258,24.100000381469727,5700,0.0,0.0
2022-07-14 00:00:00-04:00,23.899999618530273,23.900999069213867,23.3799991607666,23.799999237060547,4000,0.0,0.0
2022-07-15 00:00:00-04:00,23.799999237060547,23.799999237060547,23.610000610351562,23.649999618530273,4100,0.0,0.0
2022-07-18 00:00:00-04:00,23.799999237060547,23.799999237060547,23.65999984741211,23.729999542236328,13000,0.0,0.0
2022-07-19 00:00:00-04:00,23.799999237060547,23.799999237060547,23.600000381469727,23.64299964904785,11800,0.0,0.0
2022-07-20 00:00:00-04:00,23.780000686645508,23.799999237060547,23.639999389648438,23.719999313354492,22000,0.0,0.0
2022-07-21 00:00:00-04:00,23.6299991607666,23.700000762939453,23.549999237060547,23.55900001525879,47600,0.0,0.0
2022-07-22 00:00:00-04:00,23.639999389648438,23.649999618530273,23.579999923706055,23.59000015258789,10600,0.0,0.0
2022-07-25 00:00:00-04:00,23.59000015258789,23.59000015258789,23.59000015258789,23.59000015258789,300,0.0,0.0
2022-07-26 00:00:00-04:00,23.600000381469727,23.600000381469727,23.600000381469727,23.600000381469727,300,0.0,0.0
2022-07-27 00:00:00-04:00,23.600000381469727,23.700000762939453,23.600000381469727,23.700000762939453,2300,0.0,0.0
2022-07-28 00:00:00-04:00,23.520000457763672,23.739999771118164,23.5,23.739999771118164,11000,0.0,0.0
2022-07-29 00:00:00-04:00,23.645000457763672,23.93000030517578,23.645000457763672,23.700000762939453,7100,0.0,0.0
2022-08-01 00:00:00-04:00,23.829999923706055,23.8700008392334,23.739999771118164,23.8700008392334,11900,0.0,0.0
2022-08-02 00:00:00-04:00,23.700000762939453,23.95599937438965,23.649999618530273,23.65999984741211,27500,0.0,0.0
2022-08-03 00:00:00-04:00,23.700000762939453,24.059999465942383,23.700000762939453,23.829999923706055,63200,0.0,0.0
2022-08-04 00:00:00-04:00,23.84000015258789,24.15999984741211,23.75,23.850000381469727,85500,0.0,0.0
2022-08-05 00:00:00-04:00,23.799999237060547,23.850000381469727,23.719999313354492,23.799999237060547,27800,0.0,0.0
2022-08-08 00:00:00-04:00,23.799999237060547,23.850000381469727,23.799999237060547,23.84000015258789,2200,0.0,0.0
2022-08-09 00:00:00-04:00,23.770000457763672,23.799999237060547,23.75,23.795000076293945,4000,0.0,0.0
2022-08-10 00:00:00-04:00,23.860000610351562,23.950000762939453,23.85099983215332,23.889999389648438,12100,0.0,0.0
2022-08-11 00:00:00-04:00,23.770000457763672,23.84000015258789,23.760000228881836,23.84000015258789,2600,0.0,0.0
2022-08-12 00:00:00-04:00,23.850000381469727,23.874000549316406,23.770000457763672,23.850000381469727,3900,0.0,0.0
2022-08-15 00:00:00-04:00,23.829999923706055,23.940000534057617,23.829999923706055,23.920000076293945,2900,0.0,0.0
2022-08-16 00:00:00-04:00,23.920000076293945,23.979999542236328,23.841999053955078,23.899999618530273,6000,0.0,0.0
2022-08-17 00:00:00-04:00,23.899999618530273,23.899999618530273,23.75,23.799999237060547,5900,0.0,0.0
2022-08-18 00:00:00-04:00,23.7450008392334,23.959999084472656,23.7450008392334,23.75,5000,0.0,0.0
2022-08-19 00:00:00-04:00,23.75,23.93000030517578,23.700000762939453,23.850000381469727,7700,0.0,0.0
2022-08-22 00:00:00-04:00,23.829999923706055,23.850000381469727,23.760000228881836,23.799999237060547,3900,0.0,0.0
2022-08-23 00:00:00-04:00,23.882999420166016,23.882999420166016,23.760000228881836,23.760000228881836,1300,0.0,0.0
2022-08-24 00:00:00-04:00,23.75,24.0,23.75,23.899999618530273,2400,0.0,0.0
2022-08-25 00:00:00-04:00,23.799999237060547,24.030000686645508,23.799999237060547,24.030000686645508,4200,0.0,0.0
2022-08-26 00:00:00-04:00,24.040000915527344,24.049999237060547,24.0,24.0,2300,0.0,0.0
2022-08-29 00:00:00-04:00,24.049999237060547,24.049999237060547,24.049999237060547,24.049999237060547,400,0.0,0.0
2022-08-30 00:00:00-04:00,24.040000915527344,24.040000915527344,23.920000076293945,23.920000076293945,1800,0.0,0.0
2022-08-31 00:00:00-04:00,24.0,24.0,23.920000076293945,23.920000076293945,1200,0.0,0.0
2022-09-01 00:00:00-04:00,23.899999618530273,23.899999618530273,23.850000381469727,23.850000381469727,1300,0.0,0.0
2022-09-02 00:00:00-04:00,23.950000762939453,24.0,23.850000381469727,24.0,2300,0.0,0.0
2022-09-06 00:00:00-04:00,23.975000381469727,23.975000381469727,23.75,23.75,3500,0.0,0.0
2022-09-07 00:00:00-04:00,23.799999237060547,23.979999542236328,23.799999237060547,23.850000381469727,2000,0.0,0.0
2022-09-08 00:00:00-04:00,23.979999542236328,23.979999542236328,23.860000610351562,23.940000534057617,2100,0.0,0.0
2022-09-09 00:00:00-04:00,23.989999771118164,23.989999771118164,23.989999771118164,23.989999771118164,400,0.0,0.0
2022-09-12 00:00:00-04:00,23.989999771118164,24.0,23.989999771118164,24.0,3500,0.0,0.0
2022-09-13 00:00:00-04:00,23.899999618530273,24.06999969482422,23.729999542236328,23.950000762939453,11300,0.0,0.0
2022-09-14 00:00:00-04:00,23.950000762939453,24.030000686645508,23.709999084472656,23.829999923706055,8200,0.0,0.0
2022-09-15 00:00:00-04:00,23.847000122070312,23.979999542236328,23.729999542236328,23.93199920654297,5500,0.0,0.0
2022-09-16 00:00:00-04:00,23.770000457763672,23.871999740600586,23.764999389648438,23.850000381469727,1600,0.0,0.0
2022-09-19 00:00:00-04:00,23.8700008392334,23.8799991607666,23.84000015258789,23.8700008392334,2100,0.0,0.0
2022-09-20 00:00:00-04:00,23.719999313354492,23.829999923706055,23.549999237060547,23.700000762939453,8500,0.0,0.0
2022-09-21 00:00:00-04:00,23.709999084472656,23.799999237060547,23.649999618530273,23.790000915527344,5600,0.0,0.0
2022-09-22 00:00:00-04:00,23.56999969482422,23.579999923706055,23.40999984741211,23.579999923706055,4000,0.0,0.0
2022-09-23 00:00:00-04:00,23.43000030517578,23.729999542236328,23.399999618530273,23.729999542236328,4900,0.0,0.0
2022-09-26 00:00:00-04:00,23.600000381469727,23.700000762939453,23.549999237060547,23.700000762939453,5700,0.0,0.0
2022-09-27 00:00:00-04:00,23.6200008392334,23.700000762939453,23.559999465942383,23.700000762939453,5600,0.0,0.0
2022-09-28 00:00:00-04:00,23.75,23.760000228881836,23.73200035095215,23.75,6000,0.0,0.0
2022-09-29 00:00:00-04:00,23.75,23.799999237060547,23.40999984741211,23.799999237060547,3800,0.0,0.0
2022-09-30 00:00:00-04:00,23.799999237060547,24.25,23.799999237060547,23.799999237060547,20500,0.0,0.0
2022-10-03 00:00:00-04:00,23.850000381469727,23.850000381469727,23.290000915527344,23.549999237060547,3900,0.0,0.0
2022-10-04 00:00:00-04:00,23.549999237060547,23.8700008392334,23.545000076293945,23.8700008392334,2400,0.0,0.0
2022-10-05 00:00:00-04:00,23.899999618530273,23.899999618530273,23.899999618530273,23.899999618530273,1200,0.0,0.0
2022-10-06 00:00:00-04:00,23.93000030517578,23.93000030517578,23.93000030517578,23.93000030517578,900,0.0,0.0
2022-10-07 00:00:00-04:00,23.93000030517578,23.93000030517578,23.93000030517578,23.93000030517578,0,0.0,0.0
2022-10-10 00:00:00-04:00,23.93000030517578,23.93000030517578,23.93000030517578,23.93000030517578,0,0.0,0.0
2022-10-11 00:00:00-04:00,23.40999984741211,23.989999771118164,23.40999984741211,23.989999771118164,1400,0.0,0.0
2022-10-12 00:00:00-04:00,23.600000381469727,24.030000686645508,23.600000381469727,24.030000686645508,1300,0.0,0.0
2022-10-13 00:00:00-04:00,23.1299991607666,23.8700008392334,23.125,23.8700008392334,1500,0.0,0.0
2022-10-14 00:00:00-04:00,23.8700008392334,23.8700008392334,23.8700008392334,23.8700008392334,200,0.0,0.0
2022-10-17 00:00:00-04:00,23.5,23.84000015258789,23.5,23.780000686645508,700,0.0,0.0
2022-10-18 00:00:00-04:00,23.780000686645508,23.780000686645508,23.780000686645508,23.780000686645508,0,0.0,0.0
2022-10-19 00:00:00-04:00,23.860000610351562,23.860000610351562,23.799999237060547,23.84000015258789,1900,0.0,0.0
2022-10-20 00:00:00-04:00,23.399999618530273,23.829999923706055,22.510000228881836,22.700000762939453,20300,0.0,0.0
2022-10-21 00:00:00-04:00,22.690000534057617,22.75,22.20800018310547,22.700000762939453,12500,0.0,0.0
2022-10-24 00:00:00-04:00,23.100000381469727,23.763999938964844,22.989999771118164,23.315000534057617,1900,0.0,0.0
2022-10-25 00:00:00-04:00,23.399999618530273,23.709999084472656,22.75,23.43000030517578,3600,0.0,0.0
2022-10-26 00:00:00-04:00,23.549999237060547,23.549999237060547,22.75,23.354999542236328,3100,0.0,0.0
2022-10-27 00:00:00-04:00,22.760000228881836,23.60099983215332,22.75,23.200000762939453,6800,0.0,0.0
2022-10-28 00:00:00-04:00,23.34000015258789,23.45599937438965,22.90999984741211,23.18000030517578,3000,0.0,0.0
2022-10-31 00:00:00-04:00,23.0,23.43000030517578,22.799999237060547,22.799999237060547,10900,0.0,0.0
2022-11-01 00:00:00-04:00,23.15999984741211,23.15999984741211,22.690000534057617,22.75,5600,0.0,0.0
2022-11-02 00:00:00-04:00,22.5,23.389999389648438,22.375,22.75,9900,0.0,0.0
2022-11-03 00:00:00-04:00,22.649999618530273,22.670000076293945,22.25,22.56999969482422,5100,0.0,0.0
2022-11-04 00:00:00-04:00,22.559999465942383,23.0,22.549999237060547,22.549999237060547,2800,0.0,0.0
2022-11-07 00:00:00-05:00,22.940000534057617,22.989999771118164,22.75,22.940000534057617,1600,0.0,0.0
2022-11-08 00:00:00-05:00,22.780000686645508,23.0,22.25,22.899999618530273,21900,0.0,0.0
2022-11-09 00:00:00-05:00,22.5,22.889999389648438,22.5,22.700000762939453,4800,0.0,0.0
2022-11-10 00:00:00-05:00,22.75,23.489999771118164,22.75,23.489999771118164,6300,0.0,0.0
2022-11-11 00:00:00-05:00,23.3700008392334,23.666000366210938,23.0,23.0,3000,0.0,0.0
2022-11-14 00:00:00-05:00,23.25,23.739999771118164,23.25,23.4950008392334,6800,0.0,0.0
2022-11-15 00:00:00-05:00,23.336999893188477,23.530000686645508,23.059999465942383,23.40999984741211,1900,0.0,0.0
2022-11-16 00:00:00-05:00,23.239999771118164,23.51799964904785,23.1299991607666,23.23699951171875,2000,0.0,0.0
2022-11-17 00:00:00-05:00,23.479000091552734,23.479000091552734,23.149999618530273,23.399999618530273,1200,0.0,0.0
2022-11-18 00:00:00-05:00,23.0,23.649999618530273,22.600000381469727,23.459999084472656,22300,0.0,0.0
2022-11-21 00:00:00-05:00,23.209999084472656,23.299999237060547,22.81999969482422,23.200000762939453,3800,0.0,0.0
2022-11-22 00:00:00-05:00,23.184999465942383,23.184999465942383,22.809999465942383,22.93000030517578,11000,0.0,0.0
2022-11-23 00:00:00-05:00,22.93000030517578,23.3799991607666,22.93000030517578,22.93000030517578,25900,0.0,0.0
2022-11-25 00:00:00-05:00,22.940000534057617,23.3799991607666,22.940000534057617,23.3799991607666,1100,0.0,0.0
2022-11-28 00:00:00-05:00,23.229999542236328,23.350000381469727,22.799999237060547,23.010000228881836,9800,0.0,0.0
2022-11-29 00:00:00-05:00,22.98900032043457,23.0,22.405000686645508,22.78499984741211,13000,0.0,0.0
2022-11-30 00:00:00-05:00,22.84000015258789,23.229999542236328,22.84000015258789,23.229999542236328,9200,0.0,0.0
2022-12-01 00:00:00-05:00,23.086000442504883,23.739999771118164,23.010000228881836,23.3700008392334,3400,0.0,0.0
2022-12-02 00:00:00-05:00,23.739999771118164,23.739999771118164,23.049999237060547,23.049999237060547,47500,0.0,0.0
2022-12-05 00:00:00-05:00,23.139999389648438,23.579999923706055,22.809999465942383,22.899999618530273,5700,0.0,0.0
2022-12-06 00:00:00-05:00,22.899999618530273,23.184999465942383,22.639999389648438,23.0,4900,0.0,0.0
2022-12-07 00:00:00-05:00,22.959999084472656,23.350000381469727,22.959999084472656,23.121000289916992,6600,0.0,0.0
2022-12-08 00:00:00-05:00,23.25,23.25,22.899999618530273,23.049999237060547,10700,0.0,0.0
2022-12-09 00:00:00-05:00,23.049999237060547,23.149999618530273,23.049999237060547,23.075000762939453,4200,0.0,0.0
2022-12-12 00:00:00-05:00,23.010000228881836,23.274999618530273,23.010000228881836,23.200000762939453,5500,0.0,0.0
2022-12-13 00:00:00-05:00,22.65999984741211,23.239999771118164,22.600000381469727,22.85700035095215,18900,0.0,0.0
2022-12-14 00:00:00-05:00,22.700000762939453,23.059999465942383,22.510000228881836,23.049999237060547,26200,0.0,0.0
2022-12-15 00:00:00-05:00,22.6299991607666,23.170000076293945,22.6299991607666,23.024999618530273,12300,0.0,0.0
2022-12-16 00:00:00-05:00,22.850000381469727,23.100000381469727,22.549999237060547,23.010000228881836,10900,0.0,0.0
2022-12-19 00:00:00-05:00,22.941999435424805,23.15999984741211,22.510000228881836,23.139999389648438,16800,0.0,0.0
2022-12-20 00:00:00-05:00,23.079999923706055,23.15999984741211,22.899999618530273,23.020000457763672,8400,0.0,0.0
2022-12-21 00:00:00-05:00,23.1299991607666,23.43000030517578,23.010000228881836,23.43000030517578,3100,0.0,0.0
2022-12-22 00:00:00-05:00,23.0,23.225000381469727,22.799999237060547,22.99799919128418,20600,0.0,0.0
2022-12-23 00:00:00-05:00,22.924999237060547,23.0,22.899999618530273,22.899999618530273,2400,0.0,0.0
2022-12-27 00:00:00-05:00,23.1299991607666,23.360000610351562,22.90999984741211,22.90999984741211,2200,0.0,0.0
2022-12-28 00:00:00-05:00,23.040000915527344,23.18000030517578,22.91200065612793,22.91200065612793,1600,0.0,0.0
2022-12-29 00:00:00-05:00,22.940000534057617,23.48900032043457,22.940000534057617,23.0,2100,0.0,0.0
2022-12-30 00:00:00-05:00,22.899999618530273,23.0,22.81999969482422,23.0,5300,0.0,0.0
2023-01-03 00:00:00-05:00,23.174999237060547,23.322999954223633,22.81999969482422,23.322999954223633,2400,0.0,0.0
2023-01-04 00:00:00-05:00,23.325000762939453,23.43000030517578,23.325000762939453,23.399999618530273,1600,0.0,0.0
2023-01-05 00:00:00-05:00,23.010000228881836,23.399999618530273,22.93000030517578,23.290000915527344,6000,0.0,0.0
2023-01-06 00:00:00-05:00,23.3799991607666,23.459999084472656,23.270000457763672,23.459999084472656,1500,0.0,0.0
2023-01-09 00:00:00-05:00,23.43000030517578,23.450000762939453,23.229999542236328,23.450000762939453,3400,0.0,0.0
2023-01-10 00:00:00-05:00,23.079999923706055,23.5,23.079999923706055,23.5,6400,0.0,0.0
2023-01-11 00:00:00-05:00,23.15999984741211,23.45199966430664,23.0,23.450000762939453,8500,0.0,0.0
2023-01-12 00:00:00-05:00,23.31999969482422,23.356000900268555,23.079999923706055,23.079999923706055,2200,0.0,0.0
2023-01-13 00:00:00-05:00,23.049999237060547,23.239999771118164,23.049999237060547,23.059999465942383,5500,0.0,0.0
2023-01-17 00:00:00-05:00,23.110000610351562,23.110000610351562,22.899999618530273,23.040000915527344,8800,0.0,0.0
2023-01-18 00:00:00-05:00,23.1299991607666,23.290000915527344,23.09000015258789,23.190000534057617,6000,0.0,0.0
2023-01-19 00:00:00-05:00,23.155000686645508,23.257999420166016,23.049999237060547,23.190000534057617,3600,0.0,0.0
2023-01-20 00:00:00-05:00,23.18000030517578,23.290000915527344,23.18000030517578,23.290000915527344,3000,0.0,0.0
2023-01-23 00:00:00-05:00,23.110000610351562,23.559999465942383,23.110000610351562,23.450000762939453,6800,0.0,0.0
2023-01-24 00:00:00-05:00,23.309999465942383,23.549999237060547,23.309999465942383,23.549999237060547,2400,0.0,0.0
2023-01-25 00:00:00-05:00,23.559999465942383,23.6200008392334,23.517000198364258,23.59000015258789,4600,0.0,0.0
2023-01-26 00:00:00-05:00,23.600000381469727,23.600000381469727,23.600000381469727,23.600000381469727,1700,0.0,0.0
2023-01-27 00:00:00-05:00,23.600000381469727,23.600000381469727,23.549999237060547,23.549999237060547,1200,0.0,0.0
2023-01-30 00:00:00-05:00,23.600000381469727,23.600000381469727,23.549999237060547,23.549999237060547,3400,0.0,0.0
2023-01-31 00:00:00-05:00,23.600000381469727,23.600000381469727,23.31999969482422,23.31999969482422,9900,0.0,0.0
2023-02-01 00:00:00-05:00,23.5,23.548999786376953,23.297000885009766,23.548999786376953,700,0.0,0.0
2023-02-02 00:00:00-05:00,23.56999969482422,23.679000854492188,23.520000457763672,23.670000076293945,2500,0.0,0.0
2023-02-03 00:00:00-05:00,23.658000946044922,23.68000030517578,23.450000762939453,23.649999618530273,2900,0.0,0.0
2023-02-06 00:00:00-05:00,23.469999313354492,23.68000030517578,23.469999313354492,23.670000076293945,5000,0.0,0.0
2023-02-07 00:00:00-05:00,23.46500015258789,23.670000076293945,23.299999237060547,23.65999984741211,5700,0.0,0.0
2023-02-08 00:00:00-05:00,23.610000610351562,23.68000030517578,23.469999313354492,23.520000457763672,6300,0.0,0.0
2023-02-09 00:00:00-05:00,23.559999465942383,23.6299991607666,23.420000076293945,23.5,7400,0.0,0.0
2023-02-10 00:00:00-05:00,23.469999313354492,23.700000762939453,23.209999084472656,23.615999221801758,14800,0.0,0.0
2023-02-13 00:00:00-05:00,23.5,23.59000015258789,23.1200008392334,23.485000610351562,16900,0.0,0.0
2023-02-14 00:00:00-05:00,23.489999771118164,23.489999771118164,23.283000946044922,23.341999053955078,2900,0.0,0.0
2023-02-15 00:00:00-05:00,23.31999969482422,23.483999252319336,23.110000610351562,23.239999771118164,48000,0.0,0.0
2023-02-16 00:00:00-05:00,23.200000762939453,23.450000762939453,23.149999618530273,23.299999237060547,17500,0.0,0.0
2023-02-17 00:00:00-05:00,23.350000381469727,23.43000030517578,23.049999237060547,23.149999618530273,22300,0.0,0.0
2023-02-21 00:00:00-05:00,23.25,23.298999786376953,23.200000762939453,23.200000762939453,3800,0.0,0.0
2023-02-22 00:00:00-05:00,23.059999465942383,23.395000457763672,22.915000915527344,23.350000381469727,11100,0.0,0.0
2023-02-23 00:00:00-05:00,23.229999542236328,23.3799991607666,23.110000610351562,23.3799991607666,4700,0.0,0.0
2023-02-24 00:00:00-05:00,23.34000015258789,23.59000015258789,23.184999465942383,23.59000015258789,4900,0.0,0.0
2023-02-27 00:00:00-05:00,23.270000457763672,23.600000381469727,23.159000396728516,23.489999771118164,5800,0.0,0.0
2023-02-28 00:00:00-05:00,23.3799991607666,23.40999984741211,22.93000030517578,23.34000015258789,47700,0.0,0.0
2023-03-01 00:00:00-05:00,23.209999084472656,23.559999465942383,23.100000381469727,23.299999237060547,56900,0.0,0.0
2023-03-02 00:00:00-05:00,23.350000381469727,23.399999618530273,23.270000457763672,23.375,17800,0.0,0.0
2023-03-03 00:00:00-05:00,23.43199920654297,23.479000091552734,23.399999618530273,23.420000076293945,3400,0.0,0.0
2023-03-06 00:00:00-05:00,23.53499984741211,23.540000915527344,23.420000076293945,23.420000076293945,3700,0.0,0.0
2023-03-07 00:00:00-05:00,23.350000381469727,23.479999542236328,23.350000381469727,23.479999542236328,1100,0.0,0.0
2023-03-08 00:00:00-05:00,23.459999084472656,23.540000915527344,23.459999084472656,23.514999389648438,1100,0.0,0.0
2023-03-09 00:00:00-05:00,23.56999969482422,23.6299991607666,23.500999450683594,23.545000076293945,4500,0.0,0.0
2023-03-10 00:00:00-05:00,23.450000762939453,23.518999099731445,23.0,23.1299991607666,14800,0.0,0.0
2023-03-13 00:00:00-04:00,23.0,23.200000762939453,22.899999618530273,23.100000381469727,9600,0.0,0.0
2023-03-14 00:00:00-04:00,23.410999298095703,23.450000762939453,23.309999465942383,23.450000762939453,1400,0.0,0.0
2023-03-15 00:00:00-04:00,23.341999053955078,23.399999618530273,23.06100082397461,23.389999389648438,6300,0.0,0.0
2023-03-16 00:00:00-04:00,23.420000076293945,23.549999237060547,23.06399917602539,23.332000732421875,4700,0.0,0.0
2023-03-17 00:00:00-04:00,23.299999237060547,23.40999984741211,23.280000686645508,23.280000686645508,1800,0.0,0.0
2023-03-20 00:00:00-04:00,23.35700035095215,23.3700008392334,23.25,23.25,2400,0.0,0.0
2023-03-21 00:00:00-04:00,23.429000854492188,23.429000854492188,23.260000228881836,23.350000381469727,1200,0.0,0.0
2023-03-22 00:00:00-04:00,23.25,23.5,23.25,23.474000930786133,1800,0.0,0.0
2023-03-23 00:00:00-04:00,23.450000762939453,23.450000762939453,23.375,23.44700050354004,2000,0.0,0.0
2023-03-24 00:00:00-04:00,23.450000762939453,23.700000762939453,23.375,23.47800064086914,4500,0.0,0.0
2023-03-27 00:00:00-04:00,23.31999969482422,23.520000457763672,23.01099967956543,23.520000457763672,9800,0.0,0.0
2023-03-28 00:00:00-04:00,23.34000015258789,23.489999771118164,23.34000015258789,23.479999542236328,1500,0.0,0.0
2023-03-29 00:00:00-04:00,23.15999984741211,23.510000228881836,23.15999984741211,23.461999893188477,3100,0.0,0.0
2023-03-30 00:00:00-04:00,23.363000869750977,23.489999771118164,23.363000869750977,23.489999771118164,1000,0.0,0.0
2023-03-31 00:00:00-04:00,23.479999542236328,23.75,23.37299919128418,23.75,13900,0.0,0.0
2023-04-03 00:00:00-04:00,23.5,23.700000762939453,23.25,23.5,7900,0.0,0.0
2023-04-04 00:00:00-04:00,23.329999923706055,23.690000534057617,23.299999237060547,23.6299991607666,5900,0.0,0.0
2023-04-05 00:00:00-04:00,23.5,23.55699920654297,23.5,23.5,2100,0.0,0.0
2023-04-06 00:00:00-04:00,23.5,23.5,23.5,23.5,0,0.0,0.0
2023-04-10 00:00:00-04:00,23.54800033569336,23.54800033569336,23.454999923706055,23.489999771118164,1200,0.0,0.0
2023-04-11 00:00:00-04:00,23.547000885009766,23.547000885009766,23.450000762939453,23.489999771118164,1400,0.0,0.0
2023-04-12 00:00:00-04:00,23.55900001525879,23.700000762939453,23.485000610351562,23.700000762939453,11100,0.0,0.0
2023-04-13 00:00:00-04:00,23.299999237060547,23.600000381469727,23.299999237060547,23.5,5200,0.0,0.0
2023-04-14 00:00:00-04:00,23.47100067138672,23.5,23.299999237060547,23.5,2400,0.0,0.0
2023-04-17 00:00:00-04:00,23.5,23.5,23.5,23.5,1000,0.0,0.0
2023-04-18 00:00:00-04:00,23.600000381469727,23.600000381469727,23.5,23.549999237060547,2300,0.0,0.0
2023-04-19 00:00:00-04:00,23.549999237060547,23.549999237060547,23.399999618530273,23.549999237060547,2500,0.0,0.0
2023-04-20 00:00:00-04:00,23.549999237060547,23.549999237060547,23.549999237060547,23.549999237060547,0,0.0,0.0
2023-04-21 00:00:00-04:00,23.549999237060547,23.549999237060547,23.367000579833984,23.549999237060547,5500,0.0,0.0
2023-04-24 00:00:00-04:00,23.40999984741211,23.597000122070312,23.40999984741211,23.597000122070312,2400,0.0,0.0
2023-04-25 00:00:00-04:00,23.309999465942383,23.59000015258789,23.299999237060547,23.59000015258789,600,0.0,0.0
2023-04-26 00:00:00-04:00,23.3700008392334,23.600000381469727,23.3700008392334,23.600000381469727,1400,0.0,0.0
2023-04-27 00:00:00-04:00,23.600000381469727,23.600000381469727,23.485000610351562,23.579999923706055,2600,0.0,0.0
2023-04-28 00:00:00-04:00,23.600000381469727,23.75,23.450000762939453,23.75,18000,0.0,0.0
2023-05-01 00:00:00-04:00,23.700000762939453,23.700000762939453,23.635000228881836,23.649999618530273,2000,0.0,0.0
2023-05-02 00:00:00-04:00,23.503000259399414,23.649999618530273,23.43400001525879,23.649999618530273,4200,0.0,0.0
2023-05-03 00:00:00-04:00,23.450000762939453,23.649999618530273,23.3700008392334,23.600000381469727,4100,0.0,0.0
2023-05-04 00:00:00-04:00,23.40999984741211,23.615999221801758,23.309999465942383,23.615999221801758,1600,0.0,0.0
2023-05-05 00:00:00-04:00,23.489999771118164,23.589000701904297,23.489999771118164,23.589000701904297,1900,0.0,0.0
2023-05-08 00:00:00-04:00,23.30500030517578,23.600000381469727,23.30500030517578,23.600000381469727,4800,0.0,0.0
2023-05-09 00:00:00-04:00,23.56599998474121,23.56599998474121,23.56599998474121,23.56599998474121,1300,0.0,0.0
2023-05-10 00:00:00-04:00,23.360000610351562,23.520000457763672,23.350000381469727,23.520000457763672,2700,0.0,0.0
2023-05-11 00:00:00-04:00,23.520000457763672,23.520000457763672,23.274999618530273,23.5,1600,0.0,0.0
2023-05-12 00:00:00-04:00,23.489999771118164,23.5,23.399999618530273,23.469999313354492,1000,0.0,0.0
2023-05-15 00:00:00-04:00,23.469999313354492,23.469999313354492,23.469999313354492,23.469999313354492,600,0.0,0.0
2023-05-16 00:00:00-04:00,23.309999465942383,23.40999984741211,23.309999465942383,23.40999984741211,1300,0.0,0.0
2023-05-17 00:00:00-04:00,23.360000610351562,23.409000396728516,23.28499984741211,23.409000396728516,500,0.0,0.0
2023-05-18 00:00:00-04:00,23.409000396728516,23.409000396728516,23.409000396728516,23.409000396728516,0,0.0,0.0
2023-05-19 00:00:00-04:00,23.43000030517578,23.43000030517578,23.299999237060547,23.389999389648438,1200,0.0,0.0
2023-05-22 00:00:00-04:00,23.434999465942383,23.450000762939453,23.434999465942383,23.450000762939453,1100,0.0,0.0
2023-05-23 00:00:00-04:00,23.299999237060547,23.440000534057617,23.0,23.19729995727539,26413,0.0,0.0
